2006,9,8,3184
2006,9,9,3158
2006,9,10,3155
2006,9,11,3163
2006,9,12,3178
2006,9,13,3201
2006,9,14,3242
2006,9,15,3301
2006,9,16,3329
2006,9,17,3312
2006,9,18,3344
2006,9,19,3402
2006,9,20,3439
2006,9,21,3465
2006,9,22,3428
2006,9,23,3389
2006,9,24,3361
2006,9,25,3346
2006,9,26,3355
2006,9,27,3352
2006,9,28,3436
2006,9,29,3474
2006,9,30,3471
2006,10,1,3457
2006,10,2,3406
2006,10,3,3362
2006,10,4,3356
2006,10,5,3375
2006,10,6,3400
2006,10,7,3416
2006,10,8,3439
2006,10,9,3446
2006,10,10,3440
2006,10,11,3415
2006,10,12,3397
2006,10,13,3360
2006,10,14,3337
2006,10,15,3335
2006,10,16,3328
2006,10,17,3310
2006,10,18,3286
2006,10,19,3256
2006,10,20,3241
2006,10,21,3209
2006,10,22,3185
2006,10,23,3176
2006,10,24,3172
2006,10,25,3182
2006,10,26,3209
2006,10,27,3223
2006,10,28,3233
2006,10,29,3236
2006,10,30,3219
2006,10,31,3187
2006,11,1,3163
2006,11,2,3154
2006,11,3,3137
2006,11,4,3129
2006,11,5,3119
2006,11,6,3102
2006,11,7,3099
2006,11,8,3087
2006,11,9,3096
2006,11,10,3132
2006,11,11,3151
2006,11,12,3175
2006,11,13,3193
2006,11,14,3172
2006,11,15,3153
2006,11,16,3125
2006,11,17,3107
2006,11,18,3080
2006,11,19,3052
2006,11,20,3031
2006,11,21,3014
2006,11,22,3007
2006,11,23,3035
2006,11,24,3045
2006,11,25,3055
2006,11,26,3056
2006,11,27,3029
2006,11,28,3001
2006,11,29,2980
2006,11,30,2989
2006,12,1,2966
2006,12,2,2918
2006,12,3,2889
2006,12,4,2895
2006,12,5,2879
2006,12,6,2875
2006,12,7,2897
2006,12,8,2913
2006,12,9,2938
2006,12,10,2968
2006,12,11,2989
2006,12,12,3008
2006,12,13,2985
2006,12,14,2965
2006,12,15,2983
2006,12,16,2982
2006,12,17,2988
2006,12,18,3012
2006,12,19,3010
2006,12,20,2985
2006,12,21,2979
2006,12,22,2991
2006,12,23,2994
2006,12,24,3008
2006,12,25,3003
2006,12,26,2981
2006,12,27,2965
2006,12,28,2931
2006,12,29,2907
2006,12,30,2888
2006,12,31,2876
2007,1,1,2884
2007,1,2,2860
2007,1,3,2818
2007,1,4,2817
2007,1,5,2843
2007,1,6,2861
2007,1,7,2882
2007,1,8,2883
2007,1,9,2890
2007,1,10,2916
2007,1,11,2938
2007,1,12,2976
2007,1,13,2989
2007,1,14,2979
2007,1,15,2978
2007,1,16,2973
2007,1,17,2953
2007,1,18,2935
2007,1,19,2930
2007,1,20,2922
2007,1,21,2897
2007,1,22,2875
2007,1,23,2861
2007,1,24,2894
2007,1,25,2920
2007,1,26,2931
2007,1,27,2931
2007,1,28,2933
2007,1,29,2944
2007,1,30,2969
2007,1,31,3005
2007,2,1,3020
2007,2,2,3038
2007,2,3,3048
2007,2,4,3060
2007,2,5,3046
2007,2,6,3022
2007,2,7,2980
2007,2,8,2950
2007,2,9,2944
2007,2,10,2940
2007,2,11,2932
2007,2,12,2923
2007,2,13,2922
2007,2,14,2916
2007,2,15,2931
2007,2,16,2913
2007,2,17,2913
2007,2,18,2914
2007,2,19,2891
2007,2,20,2897
2007,2,21,2932
2007,2,22,2938
2007,2,23,2925
2007,2,24,2891
2007,2,25,2880
2007,2,26,2864
2007,2,27,2839
2007,2,28,2843
2007,3,1,2862
2007,3,2,2888
2007,3,3,2916
2007,3,4,2926
2007,3,5,2916
2007,3,6,2898
2007,3,7,2890
2007,3,8,2876
2007,3,9,2891
2007,3,10,2906
2007,3,11,2906
2007,3,12,2873
2007,3,13,2868
2007,3,14,2868
2007,3,15,2868
2007,3,16,2874
2007,3,17,2870
2007,3,18,2885
2007,3,19,2903
2007,3,20,2947
2007,3,21,2985
2007,3,22,2998
2007,3,23,3004
2007,3,24,2986
2007,3,25,2965
2007,3,26,2949
2007,3,27,2930
2007,3,28,2926
2007,3,29,2920
2007,3,30,2918
2007,3,31,2953
2007,4,1,2999
2007,4,2,3032
2007,4,3,3052
2007,4,4,3068
2007,4,5,3075
2007,4,6,3090
2007,4,7,3083
2007,4,8,3065
2007,4,9,3071
2007,4,10,3083
2007,4,11,3082
2007,4,12,3094
2007,4,13,3137
2007,4,14,3172
2007,4,15,3200
2007,4,16,3211
2007,4,17,3203
2007,4,18,3185
2007,4,19,3180
2007,4,20,3171
2007,4,21,3163
2007,4,22,3184
2007,4,23,3226
2007,4,24,3242
2007,4,25,3237
2007,4,26,3238
2007,4,27,3235
2007,4,28,3231
2007,4,29,3224
2007,4,30,3198
2007,5,1,3183
2007,5,2,3210
2007,5,3,3260
2007,5,4,3325
2007,5,5,3382
2007,5,6,3345
2007,5,7,3334
2007,5,8,3368
2007,5,9,3407
2007,5,10,3419
2007,5,11,3421
2007,5,12,3417
2007,5,13,3553
2007,5,14,3967
2007,5,15,3780
2007,5,16,3510
2007,5,17,3495
2007,5,18,3456
2007,5,19,3438
2007,5,20,3447
2007,5,21,3483
2007,5,22,3450
2007,5,23,3402
2007,5,24,3375
2007,5,25,3366
2007,5,26,3347
2007,5,27,3329
2007,5,28,3269
2007,5,29,3236
2007,5,30,3211
2007,5,31,3232
2007,6,1,3261
2007,6,2,3264
2007,6,3,3260
2007,6,4,3252
2007,6,5,3278
2007,6,6,3294
2007,6,7,3292
2007,6,8,3310
2007,6,9,3311
2007,6,10,3344
2007,6,11,3391
2007,6,12,3378
2007,6,13,3360
2007,6,14,3345
2007,6,15,3347
2007,6,16,3370
2007,6,17,3381
2007,6,18,3397
2007,6,19,3387
2007,6,20,3396
2007,6,21,3501
2007,6,22,3530
2007,6,23,3442
2007,6,24,3361
2007,6,25,3361
2007,6,26,3430
2007,6,27,3526
2007,6,28,3710
2007,6,29,3700
2007,6,30,3560
2007,7,1,3502
2007,7,2,3512
2007,7,3,3598
2007,7,4,3653
2007,7,5,3627
2007,7,6,3626
2007,7,7,3604
2007,7,8,3576
2007,7,9,3573
2007,7,10,3557
2007,7,11,3556
2007,7,12,3581
2007,7,13,3570
2007,7,14,3590
2007,7,15,3578
2007,7,16,3515
2007,7,17,3461
2007,7,18,3470
2007,7,19,3530
2007,7,20,3549
2007,7,21,3569
2007,7,22,3574
2007,7,23,3506
2007,7,24,3462
2007,7,25,3432
2007,7,26,3397
2007,7,27,3388
2007,7,28,3375
2007,7,29,3346
2007,7,30,3304
2007,7,31,3296
2007,8,1,3343
2007,8,2,3436
2007,8,3,3572
2007,8,4,3669
2007,8,5,3676
2007,8,6,3650
2007,8,7,3597
2007,8,8,3533
2007,8,9,3512
2007,8,10,3614
2007,8,11,3789
2007,8,12,3826
2007,8,13,3757
2007,8,14,3653
2007,8,15,3595
2007,8,16,3554
2007,8,17,3549
2007,8,18,3509
2007,8,19,3472
2007,8,20,3444
2007,8,21,3419
2007,8,22,3398
2007,8,23,3364
2007,8,24,3328
2007,8,25,3351
2007,8,26,3364
2007,8,27,3376
2007,8,28,3367
2007,8,29,3344
2007,8,30,3395
2007,8,31,3439
2007,9,1,3469
2007,9,2,3478
2007,9,3,3448
2007,9,4,3457
2007,9,5,3477
2007,9,6,3471
2007,9,7,3463
2007,9,8,3449
2007,9,9,3429
2007,9,10,3397
2007,9,11,3369
2007,9,12,3350
2007,9,13,3351
2007,9,14,3341
2007,9,15,3324
2007,9,16,3308
2007,9,17,3292
2007,9,18,3332
2007,9,19,3395
2007,9,20,3469
2007,9,21,3563
2007,9,22,3618
2007,9,23,3578
2007,9,24,3479
2007,9,25,3396
2007,9,26,3363
2007,9,27,3347
2007,9,28,3347
2007,9,29,3333
2007,9,30,3316
2007,10,1,3324
2007,10,2,3367
2007,10,3,3419
2007,10,4,3454
2007,10,5,3475
2007,10,6,3501
2007,10,7,3543
2007,10,8,3592
2007,10,9,3544
2007,10,10,3455
2007,10,11,3394
2007,10,12,3372
2007,10,13,3375
2007,10,14,3405
2007,10,15,3445
2007,10,16,3406
2007,10,17,3334
2007,10,18,3313
2007,10,19,3290
2007,10,20,3294
2007,10,21,3337
2007,10,22,3372
2007,10,23,3386
2007,10,24,3371
2007,10,25,3332
2007,10,26,3325
2007,10,27,3306
2007,10,28,3274
2007,10,29,3284
2007,10,30,3328
2007,10,31,3347
2007,11,1,3381
2007,11,2,3444
2007,11,3,3486
2007,11,4,3501
2007,11,5,3498
2007,11,6,3493
2007,11,7,3486
2007,11,8,3458
2007,11,9,3440
2007,11,10,3419
2007,11,11,3382
2007,11,12,3403
2007,11,13,3443
2007,11,14,3573
2007,11,15,3852
2007,11,16,3763
2007,11,17,3550
2007,11,18,3499
2007,11,19,3473
2007,11,20,3447
2007,11,21,3444
2007,11,22,3443
2007,11,23,3424
2007,11,24,3412
2007,11,25,3428
2007,11,26,3431
2007,11,27,3427
2007,11,28,3405
2007,11,29,3388
2007,11,30,3379
2007,12,1,3369
2007,12,2,3327
2007,12,3,3277
2007,12,4,3229
2007,12,5,3173
2007,12,6,3166
2007,12,7,3178
2007,12,8,3176
2007,12,9,3180
2007,12,10,3190
2007,12,11,3197
2007,12,12,3194
2007,12,13,3168
2007,12,14,3162
2007,12,15,3168
2007,12,16,3144
2007,12,17,3106
2007,12,18,3102
2007,12,19,3111
2007,12,20,3132
2007,12,21,3117
2007,12,22,3088
2007,12,23,3113
2007,12,24,3140
2007,12,25,3141
2007,12,26,3152
2007,12,27,3158
2007,12,28,3194
2007,12,29,3222
2007,12,30,3243
2007,12,31,3232
2008,1,1,3200
2008,1,2,3190
2008,1,3,3202
2008,1,4,3225
2008,1,5,3215
2008,1,6,3182
2008,1,7,3157
2008,1,8,3195
2008,1,9,3235
2008,1,10,3237
2008,1,11,3228
2008,1,12,3201
2008,1,13,3180
2008,1,14,3141
2008,1,15,3100
2008,1,16,3079
2008,1,17,3077
2008,1,18,3098
2008,1,19,3107
2008,1,20,3117
2008,1,21,3116
2008,1,22,3111
2008,1,23,3118
2008,1,24,3103
2008,1,25,3102
2008,1,26,3106
2008,1,27,3053
2008,1,28,3021
2008,1,29,3027
2008,1,30,3065
2008,1,31,3076
2008,2,1,3051
2008,2,2,3031
2008,2,3,3057
2008,2,4,3052
2008,2,5,3029
2008,2,6,3051
2008,2,7,3071
2008,2,8,3064
2008,2,9,3060
2008,2,10,3047
2008,2,11,3061
2008,2,12,3057
2008,2,13,3025
2008,2,14,3011
2008,2,15,3036
2008,2,16,3038
2008,2,17,3021
2008,2,18,3017
2008,2,19,3038
2008,2,20,3053
2008,2,21,3056
2008,2,22,3082
2008,2,23,3098
2008,2,24,3120
2008,2,25,3104
2008,2,26,3096
2008,2,27,3102
2008,2,28,3108
2008,2,29,3124
2008,3,1,3140
2008,3,2,3146
2008,3,3,3113
2008,3,4,3093
2008,3,5,3081
2008,3,6,3081
2008,3,7,3080
2008,3,8,3079
2008,3,9,3106
2008,3,10,3149
2008,3,11,3198
2008,3,12,3183
2008,3,13,3167
2008,3,14,3166
2008,3,15,3161
2008,3,16,3180
2008,3,17,3205
2008,3,18,3206
2008,3,19,3196
2008,3,20,3181
2008,3,21,3158
2008,3,22,3184
2008,3,23,3204
2008,3,24,3212
2008,3,25,3221
2008,3,26,3202
2008,3,27,3193
2008,3,28,3193
2008,3,29,3200
2008,3,30,3224
2008,3,31,3241
2008,4,1,3283
2008,4,2,3321
2008,4,3,3316
2008,4,4,3299
2008,4,5,3303
2008,4,6,3335
2008,4,7,3316
2008,4,8,3265
2008,4,9,3234
2008,4,10,3225
2008,4,11,3233
2008,4,12,3234
2008,4,13,3246
2008,4,14,3253
2008,4,15,3245
2008,4,16,3224
2008,4,17,3214
2008,4,18,3206
2008,4,19,3209
2008,4,20,3219
2008,4,21,3216
2008,4,22,3224
2008,4,23,3204
2008,4,24,3190
2008,4,25,3189
2008,4,26,3236
2008,4,27,3299
2008,4,28,3387
2008,4,29,3420
2008,4,30,3429
2008,5,1,3485
2008,5,2,3530
2008,5,3,3499
2008,5,4,3421
2008,5,5,3480
2008,5,6,3454
2008,5,7,3449
2008,5,8,3441
2008,5,9,3419
2008,5,10,3385
2008,5,11,3386
2008,5,12,3393
2008,5,13,3371
2008,5,14,3332
2008,5,15,3296
2008,5,16,3328
2008,5,17,3380
2008,5,18,3358
2008,5,19,3322
2008,5,20,3323
2008,5,21,3332
2008,5,22,3323
2008,5,23,3312
2008,5,24,3312
2008,5,25,3300
2008,5,26,3301
2008,5,27,3320
2008,5,28,3325
2008,5,29,3318
2008,5,30,3297
2008,5,31,3306
2008,6,1,3290
2008,6,2,3262
2008,6,3,3251
2008,6,4,3265
2008,6,5,3307
2008,6,6,3351
2008,6,7,3382
2008,6,8,3399
2008,6,9,3407
2008,6,10,3386
2008,6,11,3384
2008,6,12,3357
2008,6,13,3393
2008,6,14,3433
2008,6,15,3507
2008,6,16,3509
2008,6,17,3433
2008,6,18,3453
2008,6,19,3435
2008,6,20,3403
2008,6,21,3413
2008,6,22,3399
2008,6,23,3368
2008,6,24,3383
2008,6,25,3391
2008,6,26,3401
2008,6,27,3425
2008,6,28,3473
2008,6,29,3470
2008,6,30,3437
2008,7,1,3426
2008,7,2,3441
2008,7,3,3490
2008,7,4,3501
2008,7,5,3503
2008,7,6,3515
2008,7,7,3508
2008,7,8,3495
2008,7,9,3462
2008,7,10,3420
2008,7,11,3396
2008,7,12,3394
2008,7,13,3384
2008,7,14,3388
2008,7,15,3379
2008,7,16,3419
2008,7,17,3406
2008,7,18,3399
2008,7,19,3397
2008,7,20,3389
2008,7,21,3416
2008,7,22,3443
2008,7,23,3454
2008,7,24,3451
2008,7,25,3472
2008,7,26,3491
2008,7,27,3528
2008,7,28,3580
2008,7,29,3587
2008,7,30,3597
2008,7,31,3605
2008,8,1,3607
2008,8,2,3624
2008,8,3,3658
2008,8,4,3676
2008,8,5,3657
2008,8,6,3636
2008,8,7,3655
2008,8,8,3709
2008,8,9,3804
2008,8,10,3807
2008,8,11,3713
2008,8,12,3621
2008,8,13,3572
2008,8,14,3586
2008,8,15,3592
2008,8,16,3577
2008,8,17,3545
2008,8,18,3556
2008,8,19,3552
2008,8,20,3545
2008,8,21,3518
2008,8,22,3482
2008,8,23,3449
2008,8,24,3398
2008,8,25,3335
2008,8,26,3321
2008,8,27,3361
2008,8,28,3395
2008,8,29,3396
2008,8,30,3381
2008,8,31,3368
2008,9,1,3357
2008,9,2,3327
2008,9,3,3312
2008,9,4,3298
2008,9,5,3294
2008,9,6,3300
2008,9,7,3332
2008,9,8,3381
2008,9,9,3429
2008,9,10,3474
2008,9,11,3474
2008,9,12,3466
2008,9,13,3507
2008,9,14,3628
2008,9,15,3688
2008,9,16,3667
2008,9,17,3593
2008,9,18,3532
2008,9,19,3510
2008,9,20,3476
2008,9,21,3469
2008,9,22,3457
2008,9,23,3485
2008,9,24,3526
2008,9,25,3562
2008,9,26,3557
2008,9,27,3523
2008,9,28,3437
2008,9,29,3412
2008,9,30,3403
2008,10,1,3393
2008,10,2,3356
2008,10,3,3342
2008,10,4,3339
2008,10,5,3326
2008,10,6,3315
2008,10,7,3323
2008,10,8,3315
2008,10,9,3283
2008,10,10,3258
2008,10,11,3248
2008,10,12,3257
2008,10,13,3287
2008,10,14,3312
2008,10,15,3316
2008,10,16,3315
2008,10,17,3327
2008,10,18,3333
2008,10,19,3367
2008,10,20,3398
2008,10,21,3390
2008,10,22,3345
2008,10,23,3320
2008,10,24,3391
2008,10,25,3505
2008,10,26,3620
2008,10,27,3575
2008,10,28,3488
2008,10,29,3453
2008,10,30,3422
2008,10,31,3404
2008,11,1,3409
2008,11,2,3416
2008,11,3,3459
2008,11,4,3519
2008,11,5,3527
2008,11,6,3527
2008,11,7,3509
2008,11,8,3479
2008,11,9,3444
2008,11,10,3437
2008,11,11,3428
2008,11,12,3442
2008,11,13,3468
2008,11,14,3471
2008,11,15,3449
2008,11,16,3417
2008,11,17,3397
2008,11,18,3361
2008,11,19,3340
2008,11,20,3350
2008,11,21,3382
2008,11,22,3378
2008,11,23,3340
2008,11,24,3316
2008,11,25,3299
2008,11,26,3266
2008,11,27,3225
2008,11,28,3246
2008,11,29,3280
2008,11,30,3321
2008,12,1,3359
2008,12,2,3382
2008,12,3,3370
2008,12,4,3358
2008,12,5,3347
2008,12,6,3358
2008,12,7,3370
2008,12,8,3396
2008,12,9,3445
2008,12,10,3491
2008,12,11,3485
2008,12,12,3458
2008,12,13,3395
2008,12,14,3326
2008,12,15,3324
2008,12,16,3323
2008,12,17,3279
2008,12,18,3253
2008,12,19,3262
2008,12,20,3282
2008,12,21,3282
2008,12,22,3273
2008,12,23,3292
2008,12,24,3293
2008,12,25,3286
2008,12,26,3267
2008,12,27,3200
2008,12,28,3165
2008,12,29,3127
2008,12,30,3114
2008,12,31,3124
2009,1,1,3117
2009,1,2,3113
2009,1,3,3127
2009,1,4,3140
2009,1,5,3144
2009,1,6,3158
2009,1,7,3159
2009,1,8,3140
2009,1,9,3136
2009,1,10,3136
2009,1,11,3131
2009,1,12,3108
2009,1,13,3108
2009,1,14,3128
2009,1,15,3129
2009,1,16,3094
2009,1,17,3097
2009,1,18,3105
2009,1,19,3099
2009,1,20,3088
2009,1,21,3048
2009,1,22,3038
2009,1,23,3059
2009,1,24,3058
2009,1,25,3041
2009,1,26,3042
2009,1,27,3048
2009,1,28,3045
2009,1,29,3009
2009,1,30,2984
2009,1,31,2995
2009,2,1,3007
2009,2,2,2982
2009,2,3,2933
2009,2,4,2874
2009,2,5,2865
2009,2,6,2909
2009,2,7,2956
2009,2,8,2985
2009,2,9,3000
2009,2,10,3015
2009,2,11,3021
2009,2,12,3013
2009,2,13,2990
2009,2,14,2979
2009,2,15,2963
2009,2,16,2948
2009,2,17,2982
2009,2,18,3043
2009,2,19,3081
2009,2,20,3087
2009,2,21,3076
2009,2,22,3078
2009,2,23,3084
2009,2,24,3100
2009,2,25,3109
2009,2,26,3101
2009,2,27,3089
2009,2,28,3076
2009,3,1,3066
2009,3,2,3071
2009,3,3,3105
2009,3,4,3138
2009,3,5,3146
2009,3,6,3153
2009,3,7,3139
2009,3,8,3097
2009,3,9,3095
2009,3,10,3111
2009,3,11,3120
2009,3,12,3102
2009,3,13,3062
2009,3,14,3067
2009,3,15,3100
2009,3,16,3138
2009,3,17,3138
2009,3,18,3135
2009,3,19,3151
2009,3,20,3129
2009,3,21,3121
2009,3,22,3135
2009,3,23,3113
2009,3,24,3096
2009,3,25,3116
2009,3,26,3165
2009,3,27,3178
2009,3,28,3173
2009,3,29,3180
2009,3,30,3185
2009,3,31,3188
2009,4,1,3182
2009,4,2,3170
2009,4,3,3151
2009,4,4,3143
2009,4,5,3131
2009,4,6,3130
2009,4,7,3143
2009,4,8,3138
2009,4,9,3135
2009,4,10,3148
2009,4,11,3181
2009,4,12,3211
2009,4,13,3235
2009,4,14,3248
2009,4,15,3233
2009,4,16,3261
2009,4,17,3351
2009,4,18,3282
2009,4,19,3223
2009,4,20,3220
2009,4,21,3231
2009,4,22,3242
2009,4,23,3270
2009,4,24,3220
2009,4,25,3179
2009,4,26,3205
2009,4,27,3236
2009,4,28,3246
2009,4,29,3269
2009,4,30,3297
2009,5,1,3332
2009,5,2,3360
2009,5,3,3357
2009,5,4,3352
2009,5,5,3348
2009,5,6,3334
2009,5,7,3316
2009,5,8,3291
2009,5,9,3278
2009,5,10,3279
2009,5,11,3266
2009,5,12,3284
2009,5,13,3300
2009,5,14,3287
2009,5,15,3272
2009,5,16,3257
2009,5,17,3243
2009,5,18,3256
2009,5,19,3283
2009,5,20,3286
2009,5,21,3298
2009,5,22,3384
2009,5,23,3509
2009,5,24,3698
2009,5,25,3767
2009,5,26,3574
2009,5,27,3413
2009,5,28,3378
2009,5,29,3374
2009,5,30,3429
2009,5,31,3482
2009,6,1,3498
2009,6,2,3507
2009,6,3,3516
2009,6,4,3544
2009,6,5,3600
2009,6,6,3681
2009,6,7,3653
2009,6,8,3514
2009,6,9,3458
2009,6,10,3474
2009,6,11,3511
2009,6,12,3531
2009,6,13,3525
2009,6,14,3487
2009,6,15,3447
2009,6,16,3427
2009,6,17,3418
2009,6,18,3411
2009,6,19,3417
2009,6,20,3474
2009,6,21,3522
2009,6,22,3494
2009,6,23,3503
2009,6,24,3562
2009,6,25,3557
2009,6,26,3514
2009,6,27,3469
2009,6,28,3430
2009,6,29,3424
2009,6,30,3434
2009,7,1,3476
2009,7,2,3470
2009,7,3,3479
2009,7,4,3493
2009,7,5,-32767
2009,7,6,-32767
2009,7,7,-32767
2009,7,8,3548
2009,7,9,3519
2009,7,10,3474
2009,7,11,3441
2009,7,12,3452
2009,7,13,3508
2009,7,14,3557
2009,7,15,3557
2009,7,16,3504
2009,7,17,3526
2009,7,18,3562
2009,7,19,3610
2009,7,20,-32767
2009,7,21,-32767
2009,7,22,-32767
2009,7,23,3451
2009,7,24,3415
2009,7,25,3460
2009,7,26,-32767
2009,7,27,-32767
2009,7,28,-32767
2009,7,29,-32767
2009,7,30,-32767
2009,7,31,-32767
2009,8,1,-32767
2009,8,2,-32767
2009,8,3,-32767
2009,8,4,-32767
2009,8,5,-32767
2009,8,6,-32767
2009,8,7,-32767
2009,8,8,-32767
2009,8,9,-32767
2009,8,10,-32767
2009,8,11,-32767
2009,8,12,-32767
2009,8,13,-32767
2009,8,14,-32767
2009,8,15,-32767
2009,8,16,-32767
2009,8,17,-32767
2009,8,18,-32767
2009,8,19,-32767
2009,8,20,-32767
2009,8,21,-32767
2009,8,22,-32767
2009,8,23,-32767
2009,8,24,-32767
2009,8,25,-32767
2009,8,26,-32767
2009,8,27,-32767
2009,8,28,-32767
2009,8,29,-32767
2009,8,30,-32767
2009,8,31,-32767
2009,9,1,-32767
2009,9,2,-32767
2009,9,3,-32767
2009,9,4,-32767
2009,9,5,-32767
2009,9,6,-32767
2009,9,7,-32767
2009,9,8,-32767
2009,9,9,-32767
2009,9,10,-32767
2009,9,11,-32767
2009,9,12,-32767
2009,9,13,-32767
2009,9,14,-32767
2009,9,15,-32767
2009,9,16,-32767
2009,9,17,-32767
2009,9,18,-32767
2009,9,19,-32767
2009,9,20,-32767
2009,9,21,-32767
2009,9,22,-32767
2009,9,23,-32767
2009,9,24,-32767
2009,9,25,-32767
2009,9,26,-32767
2009,9,27,-32767
2009,9,28,-32767
2009,9,29,-32767
2009,9,30,-32767
2009,10,1,-32767
2009,10,2,-32767
2009,10,3,-32767
2009,10,4,-32767
2009,10,5,-32767
2009,10,6,-32767
2009,10,7,-32767
2009,10,8,-32767
2009,10,9,-32767
2009,10,10,-32767
2009,10,11,-32767
2009,10,12,-32767
2009,10,13,-32767
2009,10,14,-32767
2009,10,15,-32767
2009,10,16,-32767
2009,10,17,-32767
2009,10,18,-32767
2009,10,19,-32767
2009,10,20,-32767
2009,10,21,-32767
2009,10,22,-32767
2009,10,23,-32767
2009,10,24,-32767
2009,10,25,-32767
2009,10,26,-32767
2009,10,27,-32767
2009,10,28,-32767
2009,10,29,-32767
2009,10,30,-32767
2009,10,31,-32767
2009,11,1,-32767
2009,11,2,-32767
2009,11,3,-32767
2009,11,4,-32767
2009,11,5,-32767
2009,11,6,-32767
2009,11,7,-32767
2009,11,8,-32767
2009,11,9,-32767
2009,11,10,-32767
2009,11,11,-32767
2009,11,12,-32767
2009,11,13,-32767
2009,11,14,-32767
2009,11,15,-32767
2009,11,16,-32767
2009,11,17,-32767
2009,11,18,-32767
2009,11,19,-32767
2009,11,20,-32767
2009,11,21,-32767
2009,11,22,-32767
2009,11,23,-32767
2009,11,24,-32767
2009,11,25,-32767
2009,11,26,-32767
2009,11,27,-32767
2009,11,28,-32767
2009,11,29,-32767
2009,11,30,-32767
2009,12,1,-32767
2009,12,2,-32767
2009,12,3,-32767
2009,12,4,-32767
2009,12,5,-32767
2009,12,6,-32767
2009,12,7,-32767
2009,12,8,-32767
2009,12,9,-32767
2009,12,10,-32767
2009,12,11,-32767
2009,12,12,-32767
2009,12,13,-32767
2009,12,14,-32767
2009,12,15,-32767
2009,12,16,-32767
2009,12,17,-32767
2009,12,18,-32767
2009,12,19,-32767
2009,12,20,-32767
2009,12,21,-32767
2009,12,22,-32767
2009,12,23,-32767
2009,12,24,-32767
2009,12,25,-32767
2009,12,26,-32767
2009,12,27,-32767
2009,12,28,-32767
2009,12,29,-32767
2009,12,30,-32767
2009,12,31,-32767
2010,1,1,-32767
2010,1,2,-32767
2010,1,3,-32767
2010,1,4,-32767
2010,1,5,-32767
2010,1,6,-32767
2010,1,7,-32767
2010,1,8,-32767
2010,1,9,-32767
2010,1,10,-32767
2010,1,11,-32767
2010,1,12,-32767
2010,1,13,-32767
2010,1,14,-32767
2010,1,15,-32767
2010,1,16,-32767
2010,1,17,-32767
2010,1,18,-32767
2010,1,19,-32767
2010,1,20,-32767
2010,1,21,-32767
2010,1,22,-32767
2010,1,23,-32767
2010,1,24,-32767
2010,1,25,-32767
2010,1,26,-32767
2010,1,27,-32767
2010,1,28,-32767
2010,1,29,-32767
2010,1,30,-32767
2010,1,31,-32767
2010,2,1,-32767
2010,2,2,-32767
2010,2,3,-32767
2010,2,4,-32767
2010,2,5,-32767
2010,2,6,-32767
2010,2,7,-32767
2010,2,8,-32767
2010,2,9,-32767
2010,2,10,-32767
2010,2,11,-32767
2010,2,12,-32767
2010,2,13,-32767
2010,2,14,-32767
2010,2,15,-32767
2010,2,16,-32767
2010,2,17,-32767
2010,2,18,-32767
2010,2,19,-32767
2010,2,20,-32767
2010,2,21,-32767
2010,2,22,-32767
2010,2,23,-32767
2010,2,24,-32767
2010,2,25,-32767
2010,2,26,-32767
2010,2,27,-32767
2010,2,28,-32767
2010,3,1,-32767
2010,3,2,-32767
2010,3,3,-32767
2010,3,4,-32767
2010,3,5,-32767
2010,3,6,-32767
2010,3,7,-32767
2010,3,8,-32767
2010,3,9,-32767
2010,3,10,-32767
2010,3,11,-32767
2010,3,12,-32767
2010,3,13,-32767
2010,3,14,-32767
2010,3,15,-32767
2010,3,16,-32767
2010,3,17,-32767
2010,3,18,-32767
2010,3,19,-32767
2010,3,20,-32767
2010,3,21,-32767
2010,3,22,-32767
2010,3,23,-32767
2010,3,24,-32767
2010,3,25,-32767
2010,3,26,-32767
2010,3,27,-32767
2010,3,28,-32767
2010,3,29,-32767
2010,3,30,-32767
2010,3,31,-32767
2010,4,1,-32767
2010,4,2,-32767
2010,4,3,-32767
2010,4,4,-32767
2010,4,5,-32767
2010,4,6,-32767
2010,4,7,-32767
2010,4,8,-32767
2010,4,9,-32767
2010,4,10,-32767
2010,4,11,-32767
2010,4,12,-32767
2010,4,13,-32767
2010,4,14,-32767
2010,4,15,-32767
2010,4,16,-32767
2010,4,17,-32767
2010,4,18,-32767
2010,4,19,-32767
2010,4,20,-32767
2010,4,21,-32767
2010,4,22,-32767
2010,4,23,-32767
2010,4,24,-32767
2010,4,25,-32767
2010,4,26,-32767
2010,4,27,-32767
2010,4,28,-32767
2010,4,29,-32767
2010,4,30,-32767
2010,5,1,-32767
2010,5,2,-32767
2010,5,3,-32767
2010,5,4,-32767
2010,5,5,-32767
2010,5,6,-32767
2010,5,7,-32767
2010,5,8,-32767
2010,5,9,-32767
2010,5,10,-32767
2010,5,11,-32767
2010,5,12,-32767
2010,5,13,-32767
2010,5,14,-32767
2010,5,15,-32767
2010,5,16,-32767
2010,5,17,-32767
2010,5,18,-32767
2010,5,19,-32767
2010,5,20,-32767
2010,5,21,-32767
2010,5,22,-32767
2010,5,23,-32767
2010,5,24,-32767
2010,5,25,-32767
2010,5,26,-32767
2010,5,27,-32767
2010,5,28,-32767
2010,5,29,-32767
2010,5,30,-32767
2010,5,31,-32767
2010,6,1,-32767
2010,6,2,-32767
2010,6,3,-32767
2010,6,4,-32767
2010,6,5,-32767
2010,6,6,-32767
2010,6,7,-32767
2010,6,8,-32767
2010,6,9,-32767
2010,6,10,-32767
2010,6,11,-32767
2010,6,12,-32767
2010,6,13,-32767
2010,6,14,-32767
2010,6,15,-32767
2010,6,16,-32767
2010,6,17,-32767
2010,6,18,-32767
2010,6,19,-32767
2010,6,20,-32767
2010,6,21,-32767
2010,6,22,-32767
2010,6,23,-32767
2010,6,24,-32767
2010,6,25,-32767
2010,6,26,-32767
2010,6,27,-32767
2010,6,28,-32767
2010,6,29,-32767
2010,6,30,-32767
2010,7,1,-32767
2010,7,2,-32767
2010,7,3,-32767
2010,7,4,-32767
2010,7,5,-32767
2010,7,6,-32767
2010,7,7,-32767
2010,7,8,-32767
2010,7,9,-32767
2010,7,10,-32767
2010,7,11,-32767
2010,7,12,-32767
2010,7,13,-32767
2010,7,14,-32767
2010,7,15,-32767
2010,7,16,-32767
2010,7,17,-32767
2010,7,18,-32767
2010,7,19,-32767
2010,7,20,-32767
2010,7,21,-32767
2010,7,22,-32767
2010,7,23,-32767
2010,7,24,-32767
2010,7,25,-32767
2010,7,26,-32767
2010,7,27,-32767
2010,7,28,-32767
2010,7,29,-32767
2010,7,30,-32767
2010,7,31,-32767
2010,8,1,-32767
2010,8,2,-32767
2010,8,3,-32767
2010,8,4,-32767
2010,8,5,-32767
2010,8,6,-32767
2010,8,7,-32767
2010,8,8,-32767
2010,8,9,-32767
2010,8,10,-32767
2010,8,11,-32767
2010,8,12,-32767
2010,8,13,-32767
2010,8,14,-32767
2010,8,15,-32767
2010,8,16,-32767
2010,8,17,-32767
2010,8,18,-32767
2010,8,19,-32767
2010,8,20,-32767
2010,8,21,-32767
2010,8,22,-32767
2010,8,23,-32767
2010,8,24,-32767
2010,8,25,-32767
2010,8,26,-32767
2010,8,27,-32767
2010,8,28,-32767
2010,8,29,-32767
2010,8,30,-32767
2010,8,31,-32767
2010,9,1,-32767
2010,9,2,-32767
2010,9,3,-32767
2010,9,4,-32767
2010,9,5,-32767
2010,9,6,-32767
2010,9,7,-32767
2010,9,8,-32767
2010,9,9,-32767
2010,9,10,-32767
2010,9,11,-32767
2010,9,12,-32767
2010,9,13,-32767
2010,9,14,-32767
2010,9,15,-32767
2010,9,16,-32767
2010,9,17,-32767
2010,9,18,-32767
2010,9,19,-32767
2010,9,20,-32767
2010,9,21,-32767
2010,9,22,-32767
2010,9,23,-32767
2010,9,24,-32767
2010,9,25,-32767
2010,9,26,-32767
2010,9,27,-32767
2010,9,28,-32767
2010,9,29,-32767
2010,9,30,-32767
2010,10,1,-32767
2010,10,2,-32767
2010,10,3,-32767
2010,10,4,-32767
2010,10,5,-32767
2010,10,6,-32767
2010,10,7,-32767
2010,10,8,-32767
2010,10,9,-32767
2010,10,10,-32767
2010,10,11,-32767
2010,10,12,-32767
2010,10,13,-32767
2010,10,14,-32767
2010,10,15,-32767
2010,10,16,-32767
2010,10,17,-32767
2010,10,18,-32767
2010,10,19,-32767
2010,10,20,-32767
2010,10,21,-32767
2010,10,22,-32767
2010,10,23,-32767
2010,10,24,-32767
2010,10,25,-32767
2010,10,26,-32767
2010,10,27,-32767
2010,10,28,-32767
2010,10,29,-32767
2010,10,30,-32767
2010,10,31,-32767
2010,11,1,-32767
2010,11,2,-32767
2010,11,3,-32767
2010,11,4,-32767
2010,11,5,-32767
2010,11,6,-32767
2010,11,7,-32767
2010,11,8,-32767
2010,11,9,-32767
2010,11,10,-32767
2010,11,11,-32767
2010,11,12,-32767
2010,11,13,-32767
2010,11,14,-32767
2010,11,15,-32767
2010,11,16,-32767
2010,11,17,-32767
2010,11,18,-32767
2010,11,19,-32767
2010,11,20,-32767
2010,11,21,-32767
2010,11,22,-32767
2010,11,23,-32767
2010,11,24,-32767
2010,11,25,-32767
2010,11,26,-32767
2010,11,27,-32767
2010,11,28,-32767
2010,11,29,-32767
2010,11,30,-32767
2010,12,1,-32767
2010,12,2,-32767
2010,12,3,-32767
2010,12,4,-32767
2010,12,5,-32767
2010,12,6,-32767
2010,12,7,-32767
2010,12,8,-32767
2010,12,9,-32767
2010,12,10,-32767
2010,12,11,-32767
2010,12,12,-32767
2010,12,13,-32767
2010,12,14,-32767
2010,12,15,-32767
2010,12,16,-32767
2010,12,17,-32767
2010,12,18,-32767
2010,12,19,-32767
2010,12,20,-32767
2010,12,21,-32767
2010,12,22,-32767
2010,12,23,-32767
2010,12,24,-32767
2010,12,25,-32767
2010,12,26,-32767
2010,12,27,-32767
2010,12,28,-32767
2010,12,29,-32767
2010,12,30,-32767
2010,12,31,-32767
2011,1,1,-32767
2011,1,2,-32767
2011,1,3,-32767
2011,1,4,-32767
2011,1,5,-32767
2011,1,6,-32767
2011,1,7,-32767
2011,1,8,-32767
2011,1,9,-32767
2011,1,10,-32767
2011,1,11,-32767
2011,1,12,-32767
2011,1,13,-32767
2011,1,14,-32767
2011,1,15,-32767
2011,1,16,-32767
2011,1,17,-32767
2011,1,18,-32767
2011,1,19,-32767
2011,1,20,-32767
2011,1,21,-32767
2011,1,22,-32767
2011,1,23,-32767
2011,1,24,-32767
2011,1,25,-32767
2011,1,26,-32767
2011,1,27,-32767
2011,1,28,-32767
2011,1,29,-32767
2011,1,30,-32767
2011,1,31,-32767
2011,2,1,-32767
2011,2,2,-32767
2011,2,3,-32767
2011,2,4,-32767
2011,2,5,-32767
2011,2,6,-32767
2011,2,7,-32767
2011,2,8,-32767
2011,2,9,-32767
2011,2,10,-32767
2011,2,11,-32767
2011,2,12,-32767
2011,2,13,-32767
2011,2,14,-32767
2011,2,15,-32767
2011,2,16,-32767
2011,2,17,-32767
2011,2,18,-32767
2011,2,19,-32767
2011,2,20,-32767
2011,2,21,-32767
2011,2,22,-32767
2011,2,23,-32767
2011,2,24,-32767
2011,2,25,-32767
2011,2,26,-32767
2011,2,27,-32767
2011,2,28,-32767
2011,3,1,-32767
2011,3,2,-32767
2011,3,3,-32767
2011,3,4,-32767
2011,3,5,-32767
2011,3,6,-32767
2011,3,7,-32767
2011,3,8,-32767
2011,3,9,-32767
2011,3,10,-32767
2011,3,11,-32767
2011,3,12,-32767
2011,3,13,-32767
2011,3,14,-32767
2011,3,15,-32767
2011,3,16,-32767
2011,3,17,-32767
2011,3,18,-32767
2011,3,19,-32767
2011,3,20,-32767
2011,3,21,-32767
2011,3,22,-32767
2011,3,23,-32767
2011,3,24,-32767
2011,3,25,-32767
2011,3,26,-32767
2011,3,27,-32767
2011,3,28,-32767
2011,3,29,-32767
2011,3,30,-32767
2011,3,31,-32767
2011,4,1,-32767
2011,4,2,-32767
2011,4,3,-32767
2011,4,4,-32767
2011,4,5,-32767
2011,4,6,-32767
2011,4,7,-32767
2011,4,8,-32767
2011,4,9,-32767
2011,4,10,-32767
2011,4,11,-32767
2011,4,12,-32767
2011,4,13,-32767
2011,4,14,-32767
2011,4,15,-32767
2011,4,16,-32767
2011,4,17,-32767
2011,4,18,-32767
2011,4,19,-32767
2011,4,20,-32767
2011,4,21,-32767
2011,4,22,-32767
2011,4,23,-32767
2011,4,24,-32767
2011,4,25,-32767
2011,4,26,-32767
2011,4,27,-32767
2011,4,28,-32767
2011,4,29,-32767
2011,4,30,-32767
2011,5,1,-32767
2011,5,2,-32767
2011,5,3,-32767
2011,5,4,-32767
2011,5,5,-32767
2011,5,6,-32767
2011,5,7,-32767
2011,5,8,-32767
2011,5,9,-32767
2011,5,10,-32767
2011,5,11,-32767
2011,5,12,-32767
2011,5,13,-32767
2011,5,14,-32767
2011,5,15,-32767
2011,5,16,-32767
2011,5,17,-32767
2011,5,18,-32767
2011,5,19,-32767
2011,5,20,-32767
2011,5,21,-32767
2011,5,22,-32767
2011,5,23,-32767
2011,5,24,-32767
2011,5,25,-32767
2011,5,26,-32767
2011,5,27,-32767
2011,5,28,-32767
2011,5,29,-32767
2011,5,30,-32767
2011,5,31,-32767
2011,6,1,-32767
2011,6,2,-32767
2011,6,3,-32767
2011,6,4,-32767
2011,6,5,-32767
2011,6,6,-32767
2011,6,7,-32767
2011,6,8,-32767
2011,6,9,-32767
2011,6,10,-32767
2011,6,11,-32767
2011,6,12,-32767
2011,6,13,-32767
2011,6,14,-32767
2011,6,15,-32767
2011,6,16,-32767
2011,6,17,-32767
2011,6,18,-32767
2011,6,19,-32767
2011,6,20,-32767
2011,6,21,-32767
2011,6,22,-32767
2011,6,23,-32767
2011,6,24,-32767
2011,6,25,-32767
2011,6,26,-32767
2011,6,27,-32767
2011,6,28,-32767
2011,6,29,-32767
2011,6,30,-32767
2011,7,1,-32767
2011,7,2,-32767
2011,7,3,-32767
2011,7,4,-32767
2011,7,5,-32767
2011,7,6,-32767
2011,7,7,-32767
2011,7,8,-32767
2011,7,9,-32767
2011,7,10,-32767
2011,7,11,-32767
2011,7,12,-32767
2011,7,13,-32767
2011,7,14,-32767
2011,7,15,-32767
2011,7,16,-32767
2011,7,17,-32767
2011,7,18,-32767
2011,7,19,-32767
2011,7,20,-32767
2011,7,21,-32767
2011,7,22,-32767
2011,7,23,-32767
2011,7,24,-32767
2011,7,25,-32767
2011,7,26,-32767
2011,7,27,-32767
2011,7,28,-32767
2011,7,29,-32767
2011,7,30,-32767
2011,7,31,-32767
2011,8,1,-32767
2011,8,2,-32767
2011,8,3,-32767
2011,8,4,-32767
2011,8,5,-32767
2011,8,6,-32767
2011,8,7,-32767
2011,8,8,-32767
2011,8,9,-32767
2011,8,10,-32767
2011,8,11,-32767
2011,8,12,-32767
2011,8,13,-32767
2011,8,14,-32767
2011,8,15,-32767
2011,8,16,-32767
2011,8,17,-32767
2011,8,18,-32767
2011,8,19,-32767
2011,8,20,-32767
2011,8,21,-32767
2011,8,22,-32767
2011,8,23,-32767
2011,8,24,-32767
2011,8,25,-32767
2011,8,26,-32767
2011,8,27,-32767
2011,8,28,-32767
2011,8,29,-32767
2011,8,30,-32767
2011,8,31,-32767
2011,9,1,-32767
2011,9,2,-32767
2011,9,3,-32767
2011,9,4,-32767
2011,9,5,-32767
2011,9,6,-32767
2011,9,7,-32767
2011,9,8,-32767
2011,9,9,-32767
2011,9,10,-32767
2011,9,11,-32767
2011,9,12,-32767
2011,9,13,-32767
2011,9,14,-32767
2011,9,15,-32767
2011,9,16,-32767
2011,9,17,-32767
2011,9,18,-32767
2011,9,19,-32767
2011,9,20,-32767
2011,9,21,-32767
2011,9,22,-32767
2011,9,23,-32767
2011,9,24,-32767
2011,9,25,-32767
2011,9,26,-32767
2011,9,27,-32767
2011,9,28,-32767
2011,9,29,-32767
2011,9,30,-32767
2011,10,1,-32767
2011,10,2,-32767
2011,10,3,-32767
2011,10,4,-32767
2011,10,5,-32767
2011,10,6,-32767
2011,10,7,-32767
2011,10,8,-32767
2011,10,9,-32767
2011,10,10,-32767
2011,10,11,-32767
2011,10,12,-32767
2011,10,13,-32767
2011,10,14,-32767
2011,10,15,-32767
2011,10,16,-32767
2011,10,17,-32767
2011,10,18,-32767
2011,10,19,-32767
2011,10,20,-32767
2011,10,21,-32767
2011,10,22,-32767
2011,10,23,-32767
2011,10,24,-32767
2011,10,25,-32767
2011,10,26,-32767
2011,10,27,-32767
2011,10,28,-32767
2011,10,29,-32767
2011,10,30,-32767
2011,10,31,-32767
2011,11,1,-32767
2011,11,2,-32767
2011,11,3,-32767
2011,11,4,-32767
2011,11,5,-32767
2011,11,6,-32767
2011,11,7,-32767
2011,11,8,-32767
2011,11,9,-32767
2011,11,10,-32767
2011,11,11,-32767
2011,11,12,-32767
2011,11,13,-32767
2011,11,14,-32767
2011,11,15,-32767
2011,11,16,-32767
2011,11,17,-32767
2011,11,18,-32767
2011,11,19,-32767
2011,11,20,-32767
2011,11,21,-32767
2011,11,22,-32767
2011,11,23,-32767
2011,11,24,-32767
2011,11,25,-32767
2011,11,26,-32767
2011,11,27,-32767
2011,11,28,-32767
2011,11,29,-32767
2011,11,30,-32767
2011,12,1,-32767
2011,12,2,-32767
2011,12,3,-32767
2011,12,4,-32767
2011,12,5,-32767
2011,12,6,-32767
2011,12,7,-32767
2011,12,8,-32767
2011,12,9,-32767
2011,12,10,-32767
2011,12,11,-32767
2011,12,12,-32767
2011,12,13,-32767
2011,12,14,-32767
2011,12,15,-32767
2011,12,16,-32767
2011,12,17,-32767
2011,12,18,-32767
2011,12,19,-32767
2011,12,20,-32767
2011,12,21,-32767
2011,12,22,-32767
2011,12,23,-32767
2011,12,24,-32767
2011,12,25,-32767
2011,12,26,-32767
2011,12,27,-32767
2011,12,28,-32767
2011,12,29,-32767
2011,12,30,-32767
2011,12,31,-32767
2012,1,1,-32767
2012,1,2,-32767
2012,1,3,-32767
2012,1,4,-32767
2012,1,5,-32767
2012,1,6,-32767
2012,1,7,-32767
2012,1,8,-32767
2012,1,9,-32767
2012,1,10,-32767
2012,1,11,-32767
2012,1,12,-32767
2012,1,13,-32767
2012,1,14,-32767
2012,1,15,-32767
2012,1,16,-32767
2012,1,17,-32767
2012,1,18,-32767
2012,1,19,-32767
2012,1,20,-32767
2012,1,21,-32767
2012,1,22,-32767
2012,1,23,-32767
2012,1,24,-32767
2012,1,25,-32767
2012,1,26,-32767
2012,1,27,-32767
2012,1,28,-32767
2012,1,29,-32767
2012,1,30,-32767
2012,1,31,-32767
2012,2,1,-32767
2012,2,2,-32767
2012,2,3,-32767
2012,2,4,-32767
2012,2,5,-32767
2012,2,6,-32767
2012,2,7,-32767
2012,2,8,-32767
2012,2,9,-32767
2012,2,10,-32767
2012,2,11,-32767
2012,2,12,-32767
2012,2,13,-32767
2012,2,14,-32767
2012,2,15,-32767
2012,2,16,-32767
2012,2,17,-32767
2012,2,18,-32767
2012,2,19,-32767
2012,2,20,-32767
2012,2,21,-32767
2012,2,22,-32767
2012,2,23,-32767
2012,2,24,-32767
2012,2,25,-32767
2012,2,26,-32767
2012,2,27,-32767
2012,2,28,-32767
2012,2,29,-32767
2012,3,1,-32767
2012,3,2,-32767
2012,3,3,-32767
2012,3,4,-32767
2012,3,5,-32767
2012,3,6,-32767
2012,3,7,-32767
2012,3,8,-32767
2012,3,9,-32767
2012,3,10,-32767
2012,3,11,-32767
2012,3,12,-32767
2012,3,13,-32767
2012,3,14,-32767
2012,3,15,-32767
2012,3,16,-32767
2012,3,17,-32767
2012,3,18,-32767
2012,3,19,-32767
2012,3,20,-32767
2012,3,21,-32767
2012,3,22,-32767
2012,3,23,-32767
2012,3,24,-32767
2012,3,25,-32767
2012,3,26,-32767
2012,3,27,-32767
2012,3,28,-32767
2012,3,29,-32767
2012,3,30,-32767
2012,3,31,-32767
2012,4,1,-32767
2012,4,2,-32767
2012,4,3,-32767
2012,4,4,-32767
2012,4,5,-32767
2012,4,6,-32767
2012,4,7,3245
2012,4,8,3230
2012,4,9,3233
2012,4,10,3225
2012,4,11,3233
2012,4,12,3230
2012,4,13,3172
2012,4,14,3162
2012,4,15,3175
2012,4,16,3198
2012,4,17,3221
2012,4,18,3228
2012,4,19,3226
2012,4,20,3227
2012,4,21,3234
2012,4,22,3243
2012,4,23,3221
2012,4,24,3204
2012,4,25,3196
2012,4,26,3190
2012,4,27,3192
2012,4,28,3182
2012,4,29,3193
2012,4,30,3239
2012,5,1,3248
2012,5,2,3275
2012,5,3,3309
2012,5,4,3315
2012,5,5,3336
2012,5,6,3322
2012,5,7,3321
2012,5,8,3315
2012,5,9,3317
2012,5,10,3347
2012,5,11,3370
2012,5,12,3369
2012,5,13,3358
2012,5,14,3331
2012,5,15,3322
2012,5,16,3321
2012,5,17,3331
2012,5,18,3342
2012,5,19,3348
2012,5,20,3357
2012,5,21,3372
2012,5,22,3385
2012,5,23,3392
2012,5,24,3412
2012,5,25,3415
2012,5,26,3411
2012,5,27,3432
2012,5,28,3447
2012,5,29,3469
2012,5,30,3513
2012,5,31,3565
2012,6,1,3510
2012,6,2,3527
2012,6,3,3555
2012,6,4,3540
2012,6,5,3511
2012,6,6,3482
2012,6,7,3453
2012,6,8,3438
2012,6,9,3433
2012,6,10,3479
2012,6,11,3581
2012,6,12,3684
2012,6,13,3698
2012,6,14,3636
2012,6,15,3583
2012,6,16,3575
2012,6,17,3589
2012,6,18,3672
2012,6,19,3781
2012,6,20,3769
2012,6,21,3754
2012,6,22,3719
2012,6,23,3720
2012,6,24,3712
2012,6,25,3656
2012,6,26,3681
2012,6,27,3659
2012,6,28,3604
2012,6,29,3526
2012,6,30,3544
2012,7,1,3686
2012,7,2,3721
2012,7,3,3635
2012,7,4,3562
2012,7,5,3527
2012,7,6,3554
2012,7,7,3587
2012,7,8,3596
2012,7,9,3582
2012,7,10,3530
2012,7,11,3497
2012,7,12,3483
2012,7,13,3440
2012,7,14,3437
2012,7,15,3441
2012,7,16,3462
2012,7,17,3472
2012,7,18,3525
2012,7,19,3560
2012,7,20,3588
2012,7,21,3618
2012,7,22,3609
2012,7,23,3616
2012,7,24,3638
2012,7,25,3678
2012,7,26,3671
2012,7,27,3681
2012,7,28,3703
2012,7,29,3705
2012,7,30,3698
2012,7,31,3663
2012,8,1,3632
2012,8,2,3629
2012,8,3,3746
2012,8,4,3842
2012,8,5,3816
2012,8,6,3739
2012,8,7,3689
2012,8,8,3661
2012,8,9,3665
2012,8,10,3655
2012,8,11,3620
2012,8,12,3563
2012,8,13,3518
2012,8,14,3479
2012,8,15,3473
2012,8,16,3521
2012,8,17,3555
2012,8,18,3550
2012,8,19,3538
2012,8,20,3511
2012,8,21,3483
2012,8,22,3452
2012,8,23,3433
2012,8,24,3436
2012,8,25,3435
2012,8,26,3434
2012,8,27,3414
2012,8,28,3387
2012,8,29,3390
2012,8,30,3441
2012,8,31,3475
2012,9,1,3481
2012,9,2,3524
2012,9,3,3549
2012,9,4,3550
2012,9,5,3535
2012,9,6,3575
2012,9,7,3542
2012,9,8,3598
2012,9,9,3708
2012,9,10,3700
2012,9,11,3641
2012,9,12,3635
2012,9,13,3648
2012,9,14,3676
2012,9,15,3684
2012,9,16,3693
2012,9,17,3652
2012,9,18,3577
2012,9,19,3545
2012,9,20,3535
2012,9,21,3542
2012,9,22,3551
2012,9,23,3536
2012,9,24,-32767
2012,9,25,-32767
2012,9,26,-32767
2012,9,27,-32767
2012,9,28,-32767
2012,9,29,-32767
2012,9,30,-32767
2012,10,1,-32767
2012,10,2,-32767
2012,10,3,-32767
2012,10,4,-32767
2012,10,5,-32767
2012,10,6,-32767
2012,10,7,-32767
2012,10,8,-32767
2012,10,9,-32767
2012,10,10,-32767
2012,10,11,-32767
2012,10,12,-32767
2012,10,13,-32767
2012,10,14,-32767
2012,10,15,-32767
2012,10,16,-32767
2012,10,17,-32767
2012,10,18,-32767
2012,10,19,-32767
2012,10,20,-32767
2012,10,21,-32767
2012,10,22,-32767
2012,10,23,-32767
2012,10,24,-32767
2012,10,25,-32767
2012,10,26,-32767
2012,10,27,-32767
2012,10,28,-32767
2012,10,29,-32767
2012,10,30,-32767
2012,10,31,-32767
2012,11,1,-32767
2012,11,2,-32767
2012,11,3,-32767
2012,11,4,-32767
2012,11,5,-32767
2012,11,6,-32767
2012,11,7,-32767
2012,11,8,-32767
2012,11,9,-32767
2012,11,10,-32767
2012,11,11,-32767
2012,11,12,-32767
2012,11,13,-32767
2012,11,14,-32767
2012,11,15,-32767
2012,11,16,-32767
2012,11,17,-32767
2012,11,18,-32767
2012,11,19,-32767
2012,11,20,-32767
2012,11,21,-32767
2012,11,22,-32767
2012,11,23,-32767
2012,11,24,-32767
2012,11,25,-32767
2012,11,26,-32767
2012,11,27,-32767
2012,11,28,-32767
2012,11,29,-32767
2012,11,30,-32767
2012,12,1,-32767
2012,12,2,-32767
2012,12,3,-32767
2012,12,4,-32767
2012,12,5,-32767
2012,12,6,-32767
2012,12,7,-32767
2012,12,8,-32767
2012,12,9,-32767
2012,12,10,-32767
2012,12,11,-32767
2012,12,12,-32767
2012,12,13,-32767
2012,12,14,-32767
2012,12,15,-32767
2012,12,16,-32767
2012,12,17,-32767
2012,12,18,-32767
2012,12,19,-32767
2012,12,20,-32767
2012,12,21,-32767
2012,12,22,-32767
2012,12,23,-32767
2012,12,24,-32767
2012,12,25,-32767
2012,12,26,-32767
2012,12,27,-32767
2012,12,28,-32767
2012,12,29,-32767
2012,12,30,-32767
2012,12,31,-32767
2013,1,1,-32767
2013,1,2,-32767
2013,1,3,-32767
2013,1,4,-32767
2013,1,5,-32767
2013,1,6,-32767
2013,1,7,-32767
2013,1,8,3231
2013,1,9,3211
2013,1,10,3174
2013,1,11,3148
2013,1,12,3151
2013,1,13,3204
2013,1,14,3215
2013,1,15,3191
2013,1,16,3175
2013,1,17,3200
2013,1,18,3211
2013,1,19,3224
2013,1,20,3242
2013,1,21,3229
2013,1,22,3203
2013,1,23,3180
2013,1,24,3130
2013,1,25,3081
2013,1,26,3048
2013,1,27,3054
2013,1,28,3083
2013,1,29,3116
2013,1,30,3132
2013,1,31,3151
2013,2,1,3152
2013,2,2,3147
2013,2,3,3136
2013,2,4,3105
2013,2,5,3094
2013,2,6,3109
2013,2,7,3118
2013,2,8,3121
2013,2,9,3108
2013,2,10,3111
2013,2,11,3127
2013,2,12,3135
2013,2,13,3158
2013,2,14,3168
2013,2,15,-32767
2013,2,16,-32767
2013,2,17,-32767
2013,2,18,-32767
2013,2,19,-32767
2013,2,20,-32767
2013,2,21,-32767
2013,2,22,-32767
2013,2,23,2995
2013,2,24,3013
2013,2,25,3036
2013,2,26,3034
2013,2,27,3055
2013,2,28,3071
2013,3,1,3053
2013,3,2,3066
2013,3,3,3088
2013,3,4,3083
2013,3,5,3068
2013,3,6,3082
2013,3,7,3109
2013,3,8,3136
2013,3,9,3160
2013,3,10,3175
2013,3,11,3180
2013,3,12,3178
2013,3,13,3166
2013,3,14,3134
2013,3,15,3110
2013,3,16,3112
2013,3,17,3122
2013,3,18,3129
2013,3,19,3104
2013,3,20,3088
2013,3,21,3127
2013,3,22,3143
2013,3,23,3132
2013,3,24,3124
2013,3,25,3134
2013,3,26,3132
2013,3,27,3132
2013,3,28,3123
2013,3,29,3098
2013,3,30,3092
2013,3,31,3078
2013,4,1,3063
2013,4,2,3078
2013,4,3,3097
2013,4,4,3122
2013,4,5,3127
2013,4,6,3122
2013,4,7,3146
2013,4,8,3148
2013,4,9,3146
2013,4,10,3148
2013,4,11,3155
2013,4,12,3174
2013,4,13,3171
2013,4,14,3184
2013,4,15,3228
2013,4,16,3260
2013,4,17,3291
2013,4,18,3251
2013,4,19,3276
2013,4,20,3244
2013,4,21,3189
2013,4,22,3185
2013,4,23,3235
2013,4,24,3267
2013,4,25,3293
2013,4,26,3290
2013,4,27,3293
2013,4,28,3301
2013,4,29,3299
2013,4,30,3299
2013,5,1,3301
2013,5,2,3327
2013,5,3,3317
2013,5,4,3279
2013,5,5,3265
2013,5,6,3290
2013,5,7,3337
2013,5,8,3369
2013,5,9,3369
2013,5,10,3359
2013,5,11,3362
2013,5,12,3364
2013,5,13,3402
2013,5,14,3471
2013,5,15,3632
2013,5,16,3619
2013,5,17,3487
2013,5,18,3513
2013,5,19,3570
2013,5,20,3608
2013,5,21,3606
2013,5,22,3603
2013,5,23,3605
2013,5,24,3631
2013,5,25,3640
2013,5,26,3674
2013,5,27,3749
2013,5,28,3791
2013,5,29,3782
2013,5,30,3736
2013,5,31,3668
2013,6,1,3610
2013,6,2,3556
2013,6,3,3528
2013,6,4,3533
2013,6,5,3552
2013,6,6,3537
2013,6,7,3580
2013,6,8,3591
2013,6,9,3565
2013,6,10,3586
2013,6,11,3603
2013,6,12,3637
2013,6,13,3638
2013,6,14,3587
2013,6,15,3539
2013,6,16,3499
2013,6,17,3453
2013,6,18,3457
2013,6,19,3524
2013,6,20,3564
2013,6,21,3602
2013,6,22,3670
2013,6,23,3759
2013,6,24,3777
2013,6,25,3715
2013,6,26,3661
2013,6,27,3676
2013,6,28,3683
2013,6,29,3654
2013,6,30,3646
2013,7,1,3602
2013,7,2,3546
2013,7,3,3474
2013,7,4,3462
2013,7,5,3488
2013,7,6,3477
2013,7,7,3512
2013,7,8,3599
2013,7,9,3645
2013,7,10,3701
2013,7,11,3735
2013,7,12,3695
2013,7,13,3617
2013,7,14,3566
2013,7,15,3559
2013,7,16,3587
2013,7,17,3584
2013,7,18,3578
2013,7,19,3608
2013,7,20,3610
2013,7,21,3637
2013,7,22,3646
2013,7,23,3636
2013,7,24,3654
2013,7,25,3736
2013,7,26,3745
2013,7,27,3709
2013,7,28,3678
2013,7,29,3651
2013,7,30,3640
2013,7,31,3585
2013,8,1,3531
2013,8,2,3503
2013,8,3,3511
2013,8,4,3564
2013,8,5,3621
2013,8,6,3606
2013,8,7,3562
2013,8,8,3519
2013,8,9,3501
2013,8,10,3509
2013,8,11,3509
2013,8,12,3519
2013,8,13,3556
2013,8,14,3592
2013,8,15,3642
2013,8,16,3706
2013,8,17,3779
2013,8,18,3826
2013,8,19,3819
2013,8,20,3822
2013,8,21,3781
2013,8,22,3722
2013,8,23,3659
2013,8,24,3637
2013,8,25,3644
2013,8,26,3681
2013,8,27,3694
2013,8,28,3634
2013,8,29,3555
2013,8,30,3494
2013,8,31,3448
2013,9,1,3468
2013,9,2,3515
2013,9,3,3540
2013,9,4,3539
2013,9,5,3492
2013,9,6,3458
2013,9,7,3446
2013,9,8,3426
2013,9,9,3398
2013,9,10,3362
2013,9,11,3353
2013,9,12,3380
2013,9,13,3445
2013,9,14,3527
2013,9,15,3600
2013,9,16,3662
2013,9,17,3692
2013,9,18,3678
2013,9,19,3616
2013,9,20,3578
2013,9,21,3555
2013,9,22,3536
2013,9,23,3523
2013,9,24,3503
2013,9,25,3496
2013,9,26,3532
2013,9,27,3593
2013,9,28,3653
2013,9,29,3637
2013,9,30,3620
2013,10,1,3562
2013,10,2,3521
2013,10,3,3508
2013,10,4,3508
2013,10,5,3523
2013,10,6,3519
2013,10,7,3483
2013,10,8,3418
2013,10,9,3410
2013,10,10,3529
2013,10,11,3690
2013,10,12,3686
2013,10,13,3584
2013,10,14,3487
2013,10,15,3428
2013,10,16,3410
2013,10,17,3399
2013,10,18,3436
2013,10,19,3474
2013,10,20,3491
2013,10,21,3491
2013,10,22,3444
2013,10,23,3425
2013,10,24,3396
2013,10,25,3351
2013,10,26,3410
2013,10,27,3465
2013,10,28,3445
2013,10,29,3441
2013,10,30,3441
2013,10,31,3438
2013,11,1,3420
2013,11,2,3418
2013,11,3,3394
2013,11,4,3359
2013,11,5,3337
2013,11,6,3307
2013,11,7,3280
2013,11,8,3292
2013,11,9,3309
2013,11,10,3337
2013,11,11,3406
2013,11,12,3402
2013,11,13,3412
2013,11,14,3415
2013,11,15,3399
2013,11,16,3368
2013,11,17,3370
2013,11,18,3361
2013,11,19,3362
2013,11,20,3344
2013,11,21,3353
2013,11,22,3338
2013,11,23,3321
2013,11,24,3279
2013,11,25,3273
2013,11,26,3322
2013,11,27,3442
2013,11,28,3434
2013,11,29,3365
2013,11,30,3334
2013,12,1,3311
2013,12,2,3304
2013,12,3,3310
2013,12,4,3296
2013,12,5,3265
2013,12,6,3248
2013,12,7,3242
2013,12,8,3248
2013,12,9,3260
2013,12,10,3309
2013,12,11,3322
2013,12,12,3291
2013,12,13,3260
2013,12,14,3251
2013,12,15,3223
2013,12,16,3204
2013,12,17,3195
2013,12,18,3197
2013,12,19,3206
2013,12,20,3246
2013,12,21,3283
2013,12,22,3316
2013,12,23,3339
2013,12,24,3352
2013,12,25,3310
2013,12,26,3286
2013,12,27,3315
2013,12,28,3298
2013,12,29,3270
2013,12,30,3226
2013,12,31,3204
2014,1,1,3233
2014,1,2,3236
2014,1,3,3196
2014,1,4,3219
2014,1,5,3250
2014,1,6,3240
2014,1,7,3215
2014,1,8,3189
2014,1,9,3204
2014,1,10,3214
2014,1,11,3200
2014,1,12,3173
2014,1,13,3138
2014,1,14,3086
2014,1,15,3070
2014,1,16,3060
2014,1,17,3064
2014,1,18,3097
2014,1,19,3109
2014,1,20,3099
2014,1,21,3085
2014,1,22,3101
2014,1,23,3125
2014,1,24,3108
2014,1,25,3081
2014,1,26,3051
2014,1,27,3040
2014,1,28,3045
2014,1,29,3055
2014,1,30,3060
2014,1,31,3046
2014,2,1,3057
2014,2,2,3068
2014,2,3,3066
2014,2,4,3045
2014,2,5,3024
2014,2,6,2997
2014,2,7,2992
2014,2,8,3006
2014,2,9,3028
2014,2,10,3024
2014,2,11,3023
2014,2,12,2998
2014,2,13,2967
2014,2,14,2981
2014,2,15,3023
2014,2,16,3073
2014,2,17,3071
2014,2,18,3016
2014,2,19,3029
2014,2,20,3048
2014,2,21,3047
2014,2,22,3027
2014,2,23,3025
2014,2,24,3005
2014,2,25,2980
2014,2,26,2961
2014,2,27,3001
2014,2,28,3056
2014,3,1,3080
2014,3,2,3087
2014,3,3,3066
2014,3,4,3035
2014,3,5,3002
2014,3,6,2967
2014,3,7,2932
2014,3,8,2913
2014,3,9,2913
2014,3,10,2924
2014,3,11,2936
2014,3,12,2940
2014,3,13,2938
2014,3,14,2937
2014,3,15,2940
2014,3,16,2938
2014,3,17,2944
2014,3,18,2940
2014,3,19,2996
2014,3,20,3027
2014,3,21,3009
2014,3,22,2991
2014,3,23,2983
2014,3,24,2977
2014,3,25,2986
2014,3,26,3012
2014,3,27,3029
2014,3,28,3038
2014,3,29,3062
2014,3,30,3105
2014,3,31,3114
2014,4,1,3107
2014,4,2,3094
2014,4,3,3067
2014,4,4,3038
2014,4,5,3038
2014,4,6,3050
2014,4,7,3068
2014,4,8,3103
2014,4,9,3110
2014,4,10,3109
2014,4,11,3097
2014,4,12,3095
2014,4,13,3089
2014,4,14,3092
2014,4,15,3096
2014,4,16,3096
2014,4,17,3111
2014,4,18,3134
2014,4,19,3125
2014,4,20,3118
2014,4,21,3125
2014,4,22,3144
2014,4,23,3181
2014,4,24,3201
2014,4,25,3213
2014,4,26,3224
2014,4,27,3228
2014,4,28,3248
2014,4,29,3249
2014,4,30,3237
2014,5,1,3228
2014,5,2,3222
2014,5,3,3215
2014,5,4,3228
2014,5,5,3242
2014,5,6,3262
2014,5,7,3293
2014,5,8,3336
2014,5,9,3361
2014,5,10,3360
2014,5,11,3365
2014,5,12,3348
2014,5,13,3331
2014,5,14,3320
2014,5,15,3310
2014,5,16,3306
2014,5,17,3300
2014,5,18,3322
2014,5,19,3349
2014,5,20,3399
2014,5,21,3479
2014,5,22,3535
2014,5,23,3510
2014,5,24,3500
2014,5,25,3480
2014,5,26,3447
2014,5,27,3402
2014,5,28,3358
2014,5,29,3320
2014,5,30,3297
2014,5,31,3328
2014,6,1,3338
2014,6,2,3332
2014,6,3,3361
2014,6,4,3402
2014,6,5,3420
2014,6,6,3419
2014,6,7,3458
2014,6,8,3484
2014,6,9,-32767
2014,6,10,-32767
2014,6,11,-32767
2014,6,12,3544
2014,6,13,3535
2014,6,14,-32767
2014,6,15,-32767
2014,6,16,-32767
2014,6,17,-32767
2014,6,18,-32767
2014,6,19,-32767
2014,6,20,-32767
2014,6,21,-32767
2014,6,22,-32767
2014,6,23,-32767
2014,6,24,-32767
2014,6,25,3607
2014,6,26,3578
2014,6,27,3553
2014,6,28,-32767
2014,6,29,-32767
2014,6,30,-32767
2014,7,1,-32767
2014,7,2,3665
2014,7,3,3701
2014,7,4,3687
2014,7,5,3639
2014,7,6,3604
2014,7,7,3571
2014,7,8,3563
2014,7,9,3602
2014,7,10,3689
2014,7,11,3804
2014,7,12,3859
2014,7,13,-32767
2014,7,14,-32767
2014,7,15,-32767
2014,7,16,-32767
2014,7,17,-32767
2014,7,18,-32767
2014,7,19,-32767
2014,7,20,-32767
2014,7,21,-32767
2014,7,22,-32767
2014,7,23,-32767
2014,7,24,-32767
2014,7,25,-32767
2014,7,26,3632
2014,7,27,-32767
2014,7,28,-32767
2014,7,29,-32767
2014,7,30,-32767
2014,7,31,-32767
2014,8,1,-32767
2014,8,2,-32767
2014,8,3,-32767
2014,8,4,-32767
2014,8,5,-32767
2014,8,6,-32767
2014,8,7,-32767
2014,8,8,-32767
2014,8,9,-32767
2014,8,10,-32767
2014,8,11,-32767
2014,8,12,-32767
2014,8,13,3622
2014,8,14,-32767
2014,8,15,-32767
2014,8,16,-32767
2014,8,17,-32767
2014,8,18,-32767
2014,8,19,-32767
2014,8,20,-32767
2014,8,21,-32767
2014,8,22,-32767
2014,8,23,3402
2014,8,24,3375
2014,8,25,3409
2014,8,26,3428
2014,8,27,3432
2014,8,28,3438
2014,8,29,3479
2014,8,30,3483
2014,8,31,3497
2014,9,1,3516
2014,9,2,3499
2014,9,3,-32767
2014,9,4,-32767
2014,9,5,-32767
2014,9,6,-32767
2014,9,7,-32767
2014,9,8,-32767
2014,9,9,3424
2014,9,10,3419
2014,9,11,3398
2014,9,12,3387
2014,9,13,3428
2014,9,14,3499
2014,9,15,3538
2014,9,16,3557
2014,9,17,-32767
2014,9,18,-32767
2014,9,19,-32767
2014,9,20,-32767
2014,9,21,-32767
2014,9,22,-32767
2014,9,23,-32767
2014,9,24,-32767
2014,9,25,-32767
2014,9,26,-32767
2014,9,27,-32767
2014,9,28,3278
2014,9,29,3283
2014,9,30,3303
2014,10,1,3352
2014,10,2,3371
2014,10,3,3355
2014,10,4,3337
2014,10,5,-32767
2014,10,6,-32767
2014,10,7,-32767
2014,10,8,-32767
2014,10,9,-32767
2014,10,10,-32767
2014,10,11,-32767
2014,10,12,-32767
2014,10,13,-32767
2014,10,14,-32767
2014,10,15,-32767
2014,10,16,-32767
2014,10,17,-32767
2014,10,18,-32767
2014,10,19,-32767
2014,10,20,-32767
2014,10,21,-32767
2014,10,22,-32767
2014,10,23,-32767
2014,10,24,-32767
2014,10,25,-32767
2014,10,26,-32767
2014,10,27,-32767
2014,10,28,-32767
2014,10,29,-32767
2014,10,30,-32767
2014,10,31,-32767
2014,11,1,-32767
2014,11,2,-32767
2014,11,3,-32767
2014,11,4,-32767
2014,11,5,-32767
2014,11,6,-32767
2014,11,7,-32767
2014,11,8,-32767
2014,11,9,-32767
2014,11,10,-32767
2014,11,11,-32767
2014,11,12,-32767
2014,11,13,-32767
2014,11,14,-32767
2014,11,15,-32767
2014,11,16,-32767
2014,11,17,-32767
2014,11,18,-32767
2014,11,19,-32767
2014,11,20,-32767
2014,11,21,-32767
2014,11,22,-32767
2014,11,23,-32767
2014,11,24,-32767
2014,11,25,-32767
2014,11,26,-32767
2014,11,27,-32767
2014,11,28,-32767
2014,11,29,-32767
2014,11,30,-32767
2014,12,1,-32767
2014,12,2,-32767
2014,12,3,-32767
2014,12,4,-32767
2014,12,5,-32767
2014,12,6,-32767
2014,12,7,-32767
2014,12,8,-32767
2014,12,9,-32767
2014,12,10,-32767
2014,12,11,-32767
2014,12,12,-32767
2014,12,13,-32767
2014,12,14,-32767
2014,12,15,-32767
2014,12,16,-32767
2014,12,17,-32767
2014,12,18,-32767
2014,12,19,-32767
2014,12,20,-32767
2014,12,21,-32767
2014,12,22,-32767
2014,12,23,-32767
2014,12,24,-32767
2014,12,25,-32767
2014,12,26,-32767
2014,12,27,-32767
2014,12,28,-32767
2014,12,29,-32767
2014,12,30,-32767
2014,12,31,-32767
2015,1,1,-32767
2015,1,2,-32767
2015,1,3,-32767
2015,1,4,-32767
2015,1,5,-32767
2015,1,6,-32767
2015,1,7,-32767
2015,1,8,-32767
2015,1,9,-32767
2015,1,10,-32767
2015,1,11,-32767
2015,1,12,-32767
2015,1,13,-32767
2015,1,14,-32767
2015,1,15,-32767
2015,1,16,-32767
2015,1,17,-32767
2015,1,18,-32767
2015,1,19,-32767
2015,1,20,-32767
2015,1,21,-32767
2015,1,22,-32767
2015,1,23,-32767
2015,1,24,-32767
2015,1,25,-32767
2015,1,26,-32767
2015,1,27,-32767
2015,1,28,-32767
2015,1,29,-32767
2015,1,30,-32767
2015,1,31,-32767
2015,2,1,-32767
2015,2,2,-32767
2015,2,3,-32767
2015,2,4,-32767
2015,2,5,-32767
2015,2,6,-32767
2015,2,7,-32767
2015,2,8,-32767
2015,2,9,-32767
2015,2,10,-32767
2015,2,11,-32767
2015,2,12,-32767
2015,2,13,-32767
2015,2,14,-32767
2015,2,15,-32767
2015,2,16,-32767
2015,2,17,-32767
2015,2,18,-32767
2015,2,19,-32767
2015,2,20,-32767
2015,2,21,-32767
2015,2,22,-32767
2015,2,23,-32767
2015,2,24,-32767
2015,2,25,-32767
2015,2,26,-32767
2015,2,27,-32767
2015,2,28,-32767
2015,3,1,-32767
2015,3,2,-32767
2015,3,3,-32767
2015,3,4,-32767
2015,3,5,-32767
2015,3,6,-32767
2015,3,7,-32767
2015,3,8,-32767
2015,3,9,-32767
2015,3,10,-32767
2015,3,11,-32767
2015,3,12,-32767
2015,3,13,-32767
2015,3,14,-32767
2015,3,15,-32767
2015,3,16,-32767
2015,3,17,-32767
2015,3,18,-32767
2015,3,19,-32767
2015,3,20,-32767
2015,3,21,-32767
2015,3,22,-32767
2015,3,23,-32767
2015,3,24,-32767
2015,3,25,-32767
2015,3,26,-32767
2015,3,27,-32767
2015,3,28,-32767
2015,3,29,-32767
2015,3,30,-32767
2015,3,31,-32767
2015,4,1,-32767
2015,4,2,-32767
2015,4,3,-32767
2015,4,4,-32767
2015,4,5,-32767
2015,4,6,-32767
2015,4,7,-32767
2015,4,8,-32767
2015,4,9,-32767
2015,4,10,-32767
2015,4,11,-32767
2015,4,12,-32767
2015,4,13,-32767
2015,4,14,-32767
2015,4,15,-32767
2015,4,16,-32767
2015,4,17,-32767
2015,4,18,-32767
2015,4,19,-32767
2015,4,20,-32767
2015,4,21,-32767
2015,4,22,-32767
2015,4,23,-32767
2015,4,24,-32767
2015,4,25,-32767
2015,4,26,-32767
2015,4,27,-32767
2015,4,28,-32767
2015,4,29,-32767
2015,4,30,-32767
2015,5,1,-32767
2015,5,2,-32767
2015,5,3,-32767
2015,5,4,-32767
2015,5,5,-32767
2015,5,6,-32767
2015,5,7,-32767
2015,5,8,-32767
2015,5,9,-32767
2015,5,10,-32767
2015,5,11,-32767
2015,5,12,-32767
2015,5,13,-32767
2015,5,14,-32767
2015,5,15,-32767
2015,5,16,-32767
2015,5,17,-32767
2015,5,18,-32767
2015,5,19,-32767
2015,5,20,-32767
2015,5,21,-32767
2015,5,22,-32767
2015,5,23,-32767
2015,5,24,-32767
2015,5,25,-32767
2015,5,26,-32767
2015,5,27,-32767
2015,5,28,-32767
2015,5,29,-32767
2015,5,30,-32767
2015,5,31,-32767
2015,6,1,-32767
2015,6,2,-32767
2015,6,3,-32767
2015,6,4,-32767
2015,6,5,-32767
2015,6,6,-32767
2015,6,7,-32767
2015,6,8,-32767
2015,6,9,-32767
2015,6,10,-32767
2015,6,11,-32767
2015,6,12,-32767
2015,6,13,-32767
2015,6,14,-32767
2015,6,15,-32767
2015,6,16,-32767
2015,6,17,-32767
2015,6,18,-32767
2015,6,19,-32767
2015,6,20,-32767
2015,6,21,-32767
2015,6,22,-32767
2015,6,23,-32767
2015,6,24,-32767
2015,6,25,-32767
2015,6,26,-32767
2015,6,27,-32767
2015,6,28,-32767
2015,6,29,-32767
2015,6,30,-32767
2015,7,1,-32767
2015,7,2,-32767
2015,7,3,-32767
2015,7,4,-32767
2015,7,5,-32767
2015,7,6,-32767
2015,7,7,-32767
2015,7,8,-32767
2015,7,9,-32767
2015,7,10,-32767
2015,7,11,-32767
2015,7,12,-32767
2015,7,13,-32767
2015,7,14,-32767
2015,7,15,-32767
2015,7,16,-32767
2015,7,17,-32767
2015,7,18,-32767
2015,7,19,-32767
2015,7,20,-32767
2015,7,21,-32767
2015,7,22,-32767
2015,7,23,-32767
2015,7,24,-32767
2015,7,25,-32767
2015,7,26,-32767
2015,7,27,-32767
2015,7,28,-32767
2015,7,29,-32767
2015,7,30,-32767
2015,7,31,-32767
2015,8,1,-32767
2015,8,2,-32767
2015,8,3,-32767
2015,8,4,-32767
2015,8,5,-32767
2015,8,6,-32767
2015,8,7,-32767
2015,8,8,-32767
2015,8,9,-32767
2015,8,10,-32767
2015,8,11,-32767
2015,8,12,-32767
2015,8,13,-32767
2015,8,14,-32767
2015,8,15,-32767
2015,8,16,-32767
2015,8,17,-32767
2015,8,18,-32767
2015,8,19,-32767
2015,8,20,-32767
2015,8,21,-32767
2015,8,22,-32767
2015,8,23,-32767
2015,8,24,-32767
2015,8,25,-32767
2015,8,26,-32767
2015,8,27,-32767
2015,8,28,-32767
2015,8,29,-32767
2015,8,30,-32767
2015,8,31,-32767
2015,9,1,-32767
2015,9,2,-32767
2015,9,3,-32767
2015,9,4,-32767
2015,9,5,-32767
2015,9,6,-32767
2015,9,7,-32767
2015,9,8,-32767
2015,9,9,-32767
2015,9,10,-32767
2015,9,11,-32767
2015,9,12,-32767
2015,9,13,-32767
2015,9,14,-32767
2015,9,15,-32767
2015,9,16,-32767
2015,9,17,-32767
2015,9,18,-32767
2015,9,19,-32767
2015,9,20,-32767
2015,9,21,-32767
2015,9,22,-32767
2015,9,23,-32767
2015,9,24,-32767
2015,9,25,-32767
2015,9,26,-32767
2015,9,27,-32767
2015,9,28,-32767
2015,9,29,-32767
2015,9,30,-32767
2015,10,1,-32767
2015,10,2,-32767
2015,10,3,-32767
2015,10,4,-32767
2015,10,5,-32767
2015,10,6,-32767
2015,10,7,-32767
2015,10,8,-32767
2015,10,9,-32767
2015,10,10,-32767
2015,10,11,-32767
2015,10,12,-32767
2015,10,13,-32767
2015,10,14,-32767
2015,10,15,-32767
2015,10,16,-32767
2015,10,17,-32767
2015,10,18,-32767
2015,10,19,-32767
2015,10,20,-32767
2015,10,21,-32767
2015,10,22,-32767
2015,10,23,-32767
2015,10,24,-32767
2015,10,25,-32767
2015,10,26,-32767
2015,10,27,3328
2015,10,28,3309
2015,10,29,3290
2015,10,30,3207
2015,10,31,3167
2015,11,1,3196
2015,11,2,3240
2015,11,3,3254
2015,11,4,3265
2015,11,5,3247
2015,11,6,3201
2015,11,7,3164
2015,11,8,3149
2015,11,9,3149
2015,11,10,3178
2015,11,11,3197
2015,11,12,3234
2015,11,13,3263
2015,11,14,3278
2015,11,15,3276
2015,11,16,3263
2015,11,17,3232
2015,11,18,3170
2015,11,19,3175
2015,11,20,3227
2015,11,21,3273
2015,11,22,3305
2015,11,23,3306
2015,11,24,3289
2015,11,25,3283
2015,11,26,3283
2015,11,27,3267
2015,11,28,3214
2015,11,29,3203
2015,11,30,3226
2015,12,1,3244
2015,12,2,3242
2015,12,3,3226
2015,12,4,3251
2015,12,5,3257
2015,12,6,3269
2015,12,7,3295
2015,12,8,3283
2015,12,9,3265
2015,12,10,3243
2015,12,11,3217
2015,12,12,3207
2015,12,13,3190
2015,12,14,3194
2015,12,15,3218
2015,12,16,3238
2015,12,17,3244
2015,12,18,3242
2015,12,19,3248
2015,12,20,3252
2015,12,21,3241
2015,12,22,3217
2015,12,23,3179
2015,12,24,3157
2015,12,25,3160
2015,12,26,3148
2015,12,27,3165
2015,12,28,3196
2015,12,29,3210
2015,12,30,3215
2015,12,31,3198
2016,1,1,3182
2016,1,2,3190
2016,1,3,3174
2016,1,4,3140
2016,1,5,3121
2016,1,6,3097
2016,1,7,3072
2016,1,8,3045
2016,1,9,3038
2016,1,10,3032
2016,1,11,3050
2016,1,12,3070
2016,1,13,3083
2016,1,14,3081
2016,1,15,3085
2016,1,16,3035
2016,1,17,2994
2016,1,18,2981
2016,1,19,3019
2016,1,20,3061
2016,1,21,3070
2016,1,22,3050
2016,1,23,3017
2016,1,24,3008
2016,1,25,3017
2016,1,26,3031
2016,1,27,3071
2016,1,28,3078
2016,1,29,3057
2016,1,30,3048
2016,1,31,3024
2016,2,1,2975
2016,2,2,2934
2016,2,3,2950
2016,2,4,2988
2016,2,5,2999
2016,2,6,3005
2016,2,7,3023
2016,2,8,3053
2016,2,9,3101
2016,2,10,3120
2016,2,11,3107
2016,2,12,3071
2016,2,13,3033
2016,2,14,3019
2016,2,15,3046
2016,2,16,3059
2016,2,17,3074
2016,2,18,3100
2016,2,19,3133
2016,2,20,3151
2016,2,21,3147
2016,2,22,3151
2016,2,23,3153
2016,2,24,3152
2016,2,25,3131
2016,2,26,3100
2016,2,27,3069
2016,2,28,3073
2016,2,29,3083
2016,3,1,3075
2016,3,2,3056
2016,3,3,3051
2016,3,4,3027
2016,3,5,3008
2016,3,6,3028
2016,3,7,3060
2016,3,8,3058
2016,3,9,3051
2016,3,10,3050
2016,3,11,3052
2016,3,12,3047
2016,3,13,3061
2016,3,14,3087
2016,3,15,3108
2016,3,16,3087
2016,3,17,3056
2016,3,18,3042
2016,3,19,3035
2016,3,20,3059
2016,3,21,3101
2016,3,22,3114
2016,3,23,3094
2016,3,24,3079
2016,3,25,3096
2016,3,26,3104
2016,3,27,3110
2016,3,28,3117
2016,3,29,3126
2016,3,30,3114
2016,3,31,3102
2016,4,1,3094
2016,4,2,3132
2016,4,3,3173
2016,4,4,3212
2016,4,5,3256
2016,4,6,3274
2016,4,7,3253
2016,4,8,3236
2016,4,9,3233
2016,4,10,3219
2016,4,11,3230
2016,4,12,3235
2016,4,13,3229
2016,4,14,3202
2016,4,15,3185
2016,4,16,3178
2016,4,17,3160
2016,4,18,3141
2016,4,19,3132
2016,4,20,3160
2016,4,21,3200
2016,4,22,3234
2016,4,23,3288
2016,4,24,3276
2016,4,25,3208
2016,4,26,3172
2016,4,27,3167
2016,4,28,3179
2016,4,29,3184
2016,4,30,3206
2016,5,1,3218
2016,5,2,3214
2016,5,3,3233
2016,5,4,3221
2016,5,5,3223
2016,5,6,3247
2016,5,7,3237
2016,5,8,3227
2016,5,9,3219
2016,5,10,3216
2016,5,11,3232
2016,5,12,3257
2016,5,13,3285
2016,5,14,3308
2016,5,15,3323
2016,5,16,3343
2016,5,17,3373
2016,5,18,3409
2016,5,19,3451
2016,5,20,3596
2016,5,21,3689
2016,5,22,3602
2016,5,23,3540
2016,5,24,3545
2016,5,25,3562
2016,5,26,3581
2016,5,27,3609
2016,5,28,3621
2016,5,29,3649
2016,5,30,3665
2016,5,31,3669
2016,6,1,3674
2016,6,2,3661
2016,6,3,3661
2016,6,4,3655
2016,6,5,3645
2016,6,6,3642
2016,6,7,3641
2016,6,8,3664
2016,6,9,3783
2016,6,10,3757
2016,6,11,3716
2016,6,12,3726
2016,6,13,3782
2016,6,14,3813
2016,6,15,3777
2016,6,16,3788
2016,6,17,3773
2016,6,18,3720
2016,6,19,3676
2016,6,20,3653
2016,6,21,3633
2016,6,22,3619
2016,6,23,3642
2016,6,24,3672
2016,6,25,3751
2016,6,26,3861
2016,6,27,3908
2016,6,28,3839
2016,6,29,3780
2016,6,30,3782
2016,7,1,3819
2016,7,2,3869
2016,7,3,3882
2016,7,4,3915
2016,7,5,3898
2016,7,6,3827
2016,7,7,3789
2016,7,8,3803
2016,7,9,3789
2016,7,10,3760
2016,7,11,3731
2016,7,12,3723
2016,7,13,3700
2016,7,14,3667
2016,7,15,3662
2016,7,16,3576
2016,7,17,3486
2016,7,18,3509
2016,7,19,3525
2016,7,20,3516
2016,7,21,3548
2016,7,22,3588
2016,7,23,3606
2016,7,24,3607
2016,7,25,3585
2016,7,26,3542
2016,7,27,3508
2016,7,28,3501
2016,7,29,3505
2016,7,30,3533
2016,7,31,3608
2016,8,1,3698
2016,8,2,3730
2016,8,3,3744
2016,8,4,3759
2016,8,5,3755
2016,8,6,3740
2016,8,7,3701
2016,8,8,3676
2016,8,9,3700
2016,8,10,3698
2016,8,11,3645
2016,8,12,3595
2016,8,13,3578
2016,8,14,3571
2016,8,15,3664
2016,8,16,3764
2016,8,17,3707
2016,8,18,3621
2016,8,19,3591
2016,8,20,3557
2016,8,21,3556
2016,8,22,3614
2016,8,23,3601
2016,8,24,3555
2016,8,25,3529
2016,8,26,3527
2016,8,27,3553
2016,8,28,3592
2016,8,29,3609
2016,8,30,3623
2016,8,31,3655
2016,9,1,3665
2016,9,2,3688
2016,9,3,3735
2016,9,4,3780
2016,9,5,3824
2016,9,6,3791
2016,9,7,3722
2016,9,8,3661
2016,9,9,3642
2016,9,10,3617
2016,9,11,3585
2016,9,12,3582
2016,9,13,3584
2016,9,14,3622
2016,9,15,3644
2016,9,16,3653
2016,9,17,3678
2016,9,18,3687
2016,9,19,3667
2016,9,20,3631
2016,9,21,3603
2016,9,22,3616
2016,9,23,3635
2016,9,24,3601
2016,9,25,3580
2016,9,26,3574
2016,9,27,3604
2016,9,28,3629
2016,9,29,3629
2016,9,30,3620
2016,10,1,3589
2016,10,2,3534
2016,10,3,3505
2016,10,4,3485
2016,10,5,3504
2016,10,6,3556
2016,10,7,3580
2016,10,8,3616
2016,10,9,3652
2016,10,10,3627
2016,10,11,3658
2016,10,12,3660
2016,10,13,3615
2016,10,14,3553
2016,10,15,3521
2016,10,16,3508
2016,10,17,3513
2016,10,18,3526
2016,10,19,3543
2016,10,20,3537
2016,10,21,3543
2016,10,22,3569
2016,10,23,3603
2016,10,24,3653
2016,10,25,3656
2016,10,26,3666
2016,10,27,3644
2016,10,28,3651
2016,10,29,3607
2016,10,30,3551
2016,10,31,3506
2016,11,1,3478
2016,11,2,3471
2016,11,3,3496
2016,11,4,3560
2016,11,5,3712
2016,11,6,3744
2016,11,7,3597
2016,11,8,3545
2016,11,9,3562
2016,11,10,3567
2016,11,11,3557
2016,11,12,3558
2016,11,13,3522
2016,11,14,3460
2016,11,15,3443
2016,11,16,3456
2016,11,17,3458
2016,11,18,3466
2016,11,19,3476
2016,11,20,3482
2016,11,21,3484
2016,11,22,3484
2016,11,23,3475
2016,11,24,3461
2016,11,25,3450
2016,11,26,3435
2016,11,27,3445
2016,11,28,3423
2016,11,29,3382
2016,11,30,3357
2016,12,1,3366
2016,12,2,3378
2016,12,3,3348
2016,12,4,3323
2016,12,5,3330
2016,12,6,3373
2016,12,7,3422
2016,12,8,3444
2016,12,9,3467
2016,12,10,3486
2016,12,11,3497
2016,12,12,3465
2016,12,13,3433
2016,12,14,3416
2016,12,15,3432
2016,12,16,3439
2016,12,17,3444
2016,12,18,3451
2016,12,19,3443
2016,12,20,3410
2016,12,21,3362
2016,12,22,3347
2016,12,23,3317
2016,12,24,3295
2016,12,25,3295
2016,12,26,3301
2016,12,27,3313
2016,12,28,3314
2016,12,29,3292
2016,12,30,3293
2016,12,31,3299
2017,1,1,3307
2017,1,2,3304
2017,1,3,3311
2017,1,4,3259
2017,1,5,3242
2017,1,6,3240
2017,1,7,3228
2017,1,8,3223
2017,1,9,3230
2017,1,10,3249
2017,1,11,3243
2017,1,12,3239
2017,1,13,3231
2017,1,14,3243
2017,1,15,3268
2017,1,16,3285
2017,1,17,3274
2017,1,18,3251
2017,1,19,3228
2017,1,20,3212
2017,1,21,3238
2017,1,22,3265
2017,1,23,3275
2017,1,24,3235
2017,1,25,3198
2017,1,26,3177
2017,1,27,3160
2017,1,28,3142
2017,1,29,3126
2017,1,30,3122
2017,1,31,3116
2017,2,1,3109
2017,2,2,3090
2017,2,3,3068
2017,2,4,3088
2017,2,5,3098
2017,2,6,3081
2017,2,7,3055
2017,2,8,3048
2017,2,9,3048
2017,2,10,3061
2017,2,11,3072
2017,2,12,3094
2017,2,13,3105
2017,2,14,3120
2017,2,15,3118
2017,2,16,3140
2017,2,17,3144
2017,2,18,3110
2017,2,19,3120
2017,2,20,3131
2017,2,21,3110
2017,2,22,3093
2017,2,23,3075
2017,2,24,3062
2017,2,25,3059
2017,2,26,3062
2017,2,27,3056
2017,2,28,3094
2017,3,1,3111
2017,3,2,3098
2017,3,3,3125
2017,3,4,3148
2017,3,5,3134
2017,3,6,3096
2017,3,7,3061
2017,3,8,3051
2017,3,9,3057
2017,3,10,3087
2017,3,11,3106
2017,3,12,3098
2017,3,13,3113
2017,3,14,3109
2017,3,15,3064
2017,3,16,3033
2017,3,17,3045
2017,3,18,3062
2017,3,19,3059
2017,3,20,3047
2017,3,21,3027
2017,3,22,3008
2017,3,23,3006
2017,3,24,3027
2017,3,25,3078
2017,3,26,3110
2017,3,27,3131
2017,3,28,3145
2017,3,29,3169
2017,3,30,3187
2017,3,31,3193
2017,4,1,3199
2017,4,2,3194
2017,4,3,3187
2017,4,4,3204
2017,4,5,3223
2017,4,6,3222
2017,4,7,3213
2017,4,8,3208
2017,4,9,3208
2017,4,10,3216
2017,4,11,3194
2017,4,12,3165
2017,4,13,3186
2017,4,14,3217
2017,4,15,3275
2017,4,16,3311
2017,4,17,3419
2017,4,18,3340
2017,4,19,3330
2017,4,20,3331
2017,4,21,3333
2017,4,22,3347
2017,4,23,3335
2017,4,24,3348
2017,4,25,3350
2017,4,26,3332
2017,4,27,3321
2017,4,28,3309
2017,4,29,3276
2017,4,30,3264
2017,5,1,3293
2017,5,2,3315
2017,5,3,3297
2017,5,4,3296
2017,5,5,3295
2017,5,6,3285
2017,5,7,3288
2017,5,8,3280
2017,5,9,3244
2017,5,10,3235
2017,5,11,3227
2017,5,12,3245
2017,5,13,3284
2017,5,14,3326
2017,5,15,3337
2017,5,16,3360
2017,5,17,3389
2017,5,18,3386
2017,5,19,3385
2017,5,20,3362
2017,5,21,3332
2017,5,22,3311
2017,5,23,3320
2017,5,24,3349
2017,5,25,3378
2017,5,26,3415
2017,5,27,3460
2017,5,28,3516
2017,5,29,3951
2017,5,30,3940
2017,5,31,3562
2017,6,1,3549
2017,6,2,3524
2017,6,3,3528
2017,6,4,3561
2017,6,5,3566
2017,6,6,3556
2017,6,7,3551
2017,6,8,3604
2017,6,9,3669
2017,6,10,3755
2017,6,11,3890
2017,6,12,3843
2017,6,13,3763
2017,6,14,3688
2017,6,15,3720
2017,6,16,3730
2017,6,17,3665
2017,6,18,3640
2017,6,19,3638
2017,6,20,3610
2017,6,21,3573
2017,6,22,3583
2017,6,23,3585
2017,6,24,3568
2017,6,25,3587
2017,6,26,3570
2017,6,27,3558
2017,6,28,3565
2017,6,29,3614
2017,6,30,3654
2017,7,1,3701
2017,7,2,3696
2017,7,3,3664
2017,7,4,3656
2017,7,5,3640
2017,7,6,3618
2017,7,7,3594
2017,7,8,3589
2017,7,9,3569
2017,7,10,3552
2017,7,11,3545
2017,7,12,3555
2017,7,13,3611
2017,7,14,3638
2017,7,15,3660
2017,7,16,3685
2017,7,17,3695
2017,7,18,3709
2017,7,19,3709
2017,7,20,3674
2017,7,21,-32767
2017,7,22,-32767
2017,7,23,-32767
2017,7,24,3675
2017,7,25,3686
2017,7,26,3666
2017,7,27,3633
2017,7,28,3576
2017,7,29,3554
2017,7,30,3560
2017,7,31,3546
2017,8,1,3550
2017,8,2,3550
2017,8,3,3543
2017,8,4,3550
2017,8,5,3551
2017,8,6,3545
2017,8,7,3583
2017,8,8,3606
2017,8,9,3602
2017,8,10,3599
2017,8,11,3587
2017,8,12,3595
2017,8,13,3542
2017,8,14,3493
2017,8,15,3474
2017,8,16,3501
2017,8,17,3571
2017,8,18,3606
2017,8,19,3631
2017,8,20,3622
2017,8,21,3609
2017,8,22,3599
2017,8,23,3608
2017,8,24,3641
2017,8,25,3668
2017,8,26,3675
2017,8,27,3695
2017,8,28,3656
2017,8,29,3595
2017,8,30,3556
2017,8,31,3524
2017,9,1,3527
2017,9,2,3515
2017,9,3,3485
2017,9,4,3442
2017,9,5,3431
2017,9,6,3447
2017,9,7,3478
2017,9,8,3514
2017,9,9,3508
2017,9,10,3473
2017,9,11,3454
2017,9,12,3442
2017,9,13,3432
2017,9,14,3438
2017,9,15,3475
2017,9,16,3497
2017,9,17,3557
2017,9,18,3715
2017,9,19,3754
2017,9,20,3709
2017,9,21,3675
2017,9,22,3659
2017,9,23,3640
2017,9,24,3616
2017,9,25,3628
2017,9,26,3623
2017,9,27,3661
2017,9,28,3679
2017,9,29,3622
2017,9,30,3582
2017,10,1,3550
2017,10,2,3530
2017,10,3,3519
2017,10,4,3536
2017,10,5,3562
2017,10,6,3609
2017,10,7,3586
2017,10,8,3544
2017,10,9,3521
2017,10,10,3509
2017,10,11,3510
2017,10,12,3532
2017,10,13,3562
2017,10,14,3568
2017,10,15,3568
2017,10,16,3587
2017,10,17,3645
2017,10,18,3690
2017,10,19,3747
2017,10,20,3771
2017,10,21,3749
2017,10,22,3684
2017,10,23,3616
2017,10,24,3587
2017,10,25,3613
2017,10,26,3629
2017,10,27,3621
2017,10,28,3588
2017,10,29,3567
2017,10,30,3551
2017,10,31,3560
2017,11,1,3565
2017,11,2,3567
2017,11,3,3538
2017,11,4,3490
2017,11,5,3449
2017,11,6,3427
2017,11,7,3389
2017,11,8,3377
2017,11,9,3377
2017,11,10,3396
2017,11,11,3439
2017,11,12,3462
2017,11,13,3482
2017,11,14,3504
2017,11,15,3514
2017,11,16,3483
2017,11,17,3446
2017,11,18,3422
2017,11,19,3384
2017,11,20,3353
2017,11,21,3336
2017,11,22,3355
2017,11,23,3414
2017,11,24,3478
2017,11,25,3475
2017,11,26,3480
2017,11,27,3478
2017,11,28,3484
2017,11,29,3489
2017,11,30,3464
2017,12,1,3440
2017,12,2,3418
2017,12,3,3402
2017,12,4,3382
2017,12,5,3336
2017,12,6,3317
2017,12,7,3336
2017,12,8,3411
2017,12,9,3489
2017,12,10,3482
2017,12,11,3464
2017,12,12,3495
2017,12,13,3511
2017,12,14,3474
2017,12,15,3445
2017,12,16,3454
2017,12,17,3422
2017,12,18,3389
2017,12,19,3384
2017,12,20,3388
2017,12,21,3382
2017,12,22,3365
2017,12,23,3340
2017,12,24,3325
2017,12,25,3305
2017,12,26,3303
2017,12,27,3323
2017,12,28,3324
2017,12,29,3303
2017,12,30,3319
2017,12,31,3323
2018,1,1,3289
2018,1,2,3324
2018,1,3,3347
2018,1,4,3306
2018,1,5,3297
2018,1,6,3270
2018,1,7,3228
2018,1,8,3208
2018,1,9,3219
2018,1,10,3196
2018,1,11,3153
2018,1,12,3157
2018,1,13,3168
2018,1,14,3190
2018,1,15,3219
2018,1,16,3227
2018,1,17,3225
2018,1,18,3207
2018,1,19,3191
2018,1,20,3182
2018,1,21,3170
2018,1,22,3169
2018,1,23,3172
2018,1,24,3192
2018,1,25,3205
2018,1,26,3188
2018,1,27,3150
2018,1,28,3113
2018,1,29,3102
2018,1,30,3110
2018,1,31,3138
2018,2,1,3137
2018,2,2,3169
2018,2,3,3173
2018,2,4,3164
2018,2,5,3173
2018,2,6,3164
2018,2,7,3146
2018,2,8,3150
2018,2,9,3129
2018,2,10,3080
2018,2,11,3068
2018,2,12,3057
2018,2,13,3078
2018,2,14,3082
2018,2,15,3064
2018,2,16,3057
2018,2,17,3077
2018,2,18,3099
2018,2,19,3106
2018,2,20,3104
2018,2,21,3123
2018,2,22,3100
2018,2,23,3077
2018,2,24,3077
2018,2,25,3100
2018,2,26,3131
2018,2,27,3116
2018,2,28,3125
2018,3,1,3154
2018,3,2,3163
2018,3,3,3158
2018,3,4,3140
2018,3,5,3130
2018,3,6,3118
2018,3,7,3107
2018,3,8,3092
2018,3,9,3087
2018,3,10,3131
2018,3,11,3149
2018,3,12,3124
2018,3,13,-32767
2018,3,14,-32767
2018,3,15,-32767
2018,3,16,-32767
2018,3,17,-32767
2018,3,18,-32767
2018,3,19,-32767
2018,3,20,-32767
2018,3,21,-32767
2018,3,22,3103
2018,3,23,3084
2018,3,24,3085
2018,3,25,3108
2018,3,26,3133
2018,3,27,3135
2018,3,28,3128
2018,3,29,3118
2018,3,30,3113
2018,3,31,3110
2018,4,1,3108
2018,4,2,3125
2018,4,3,3169
2018,4,4,3212
2018,4,5,3223
2018,4,6,3217
2018,4,7,3221
2018,4,8,3244
2018,4,9,3228
2018,4,10,3199
2018,4,11,3142
2018,4,12,3130
2018,4,13,3130
2018,4,14,3157
2018,4,15,3174
2018,4,16,3176
2018,4,17,3178
2018,4,18,3198
2018,4,19,3210
2018,4,20,3200
2018,4,21,3168
2018,4,22,3139
2018,4,23,3115
2018,4,24,3122
2018,4,25,3118
2018,4,26,3101
2018,4,27,3099
2018,4,28,3134
2018,4,29,3186
2018,4,30,3201
2018,5,1,3225
2018,5,2,3258
2018,5,3,3283
2018,5,4,3294
2018,5,5,3287
2018,5,6,3305
2018,5,7,3302
2018,5,8,3300
2018,5,9,3300
2018,5,10,3291
2018,5,11,3289
2018,5,12,3301
2018,5,13,3314
2018,5,14,3336
2018,5,15,3366
2018,5,16,3357
2018,5,17,3346
2018,5,18,3351
2018,5,19,3351
2018,5,20,3343
2018,5,21,3329
2018,5,22,3315
2018,5,23,3330
2018,5,24,3352
2018,5,25,3360
2018,5,26,3350
2018,5,27,3352
2018,5,28,3421
2018,5,29,3523
2018,5,30,3496
2018,5,31,3384
2018,6,1,3357
2018,6,2,3367
2018,6,3,3402
2018,6,4,3385
2018,6,5,3390
2018,6,6,3460
2018,6,7,3515
2018,6,8,3565
2018,6,9,3632
2018,6,10,3688
2018,6,11,3765
2018,6,12,3829
2018,6,13,3832
2018,6,14,3818
2018,6,15,3758
2018,6,16,3695
2018,6,17,3640
2018,6,18,3600
2018,6,19,3581
2018,6,20,3560
2018,6,21,3586
2018,6,22,3616
2018,6,23,3614
2018,6,24,3605
2018,6,25,3609
2018,6,26,3623
2018,6,27,3610
2018,6,28,3543
2018,6,29,3511
2018,6,30,3516
2018,7,1,3490
2018,7,2,3465
2018,7,3,3485
2018,7,4,3536
2018,7,5,3520
2018,7,6,3523
2018,7,7,3554
2018,7,8,3545
2018,7,9,3571
2018,7,10,3569
2018,7,11,3573
2018,7,12,3579
2018,7,13,3614
2018,7,14,3693
2018,7,15,3738
2018,7,16,3736
2018,7,17,3700
2018,7,18,3658
2018,7,19,3678
2018,7,20,3692
2018,7,21,3700
2018,7,22,3665
2018,7,23,3637
2018,7,24,3647
2018,7,25,3665
2018,7,26,3671
2018,7,27,3660
2018,7,28,3602
2018,7,29,3564
2018,7,30,3551
2018,7,31,3566
2018,8,1,-32767
2018,8,2,-32767
2018,8,3,-32767
2018,8,4,3633
2018,8,5,3650
2018,8,6,3705
2018,8,7,-32767
2018,8,8,-32767
2018,8,9,3615
2018,8,10,3596
2018,8,11,3626
2018,8,12,3714
2018,8,13,3822
2018,8,14,3891
2018,8,15,3848
2018,8,16,3757
2018,8,17,3717
2018,8,18,3705
2018,8,19,3758
2018,8,20,3802
2018,8,21,3728
2018,8,22,3665
2018,8,23,3616
2018,8,24,3609
2018,8,25,3661
2018,8,26,3694
2018,8,27,3665
2018,8,28,3619
2018,8,29,3576
2018,8,30,-32767
2018,8,31,-32767
2018,9,1,-32767
2018,9,2,-32767
2018,9,3,-32767
2018,9,4,-32767
2018,9,5,-32767
2018,9,6,-32767
2018,9,7,-32767
2018,9,8,-32767
2018,9,9,-32767
2018,9,10,-32767
2018,9,11,-32767
2018,9,12,-32767
2018,9,13,-32767
2018,9,14,-32767
2018,9,15,-32767
2018,9,16,-32767
2018,9,17,-32767
2018,9,18,-32767
2018,9,19,-32767
2018,9,20,-32767
2018,9,21,-32767
2018,9,22,-32767
2018,9,23,-32767
2018,9,24,-32767
2018,9,25,-32767
2018,9,26,-32767
2018,9,27,-32767
2018,9,28,-32767
2018,9,29,-32767
2018,9,30,-32767
2018,10,1,-32767
2018,10,2,-32767
2018,10,3,-32767
2018,10,4,-32767
2018,10,5,-32767
2018,10,6,-32767
2018,10,7,-32767
2018,10,8,-32767
2018,10,9,-32767
2018,10,10,-32767
2018,10,11,-32767
2018,10,12,-32767
2018,10,13,-32767
2018,10,14,-32767
2018,10,15,-32767
2018,10,16,-32767
2018,10,17,-32767
2018,10,18,-32767
2018,10,19,-32767
2018,10,20,-32767
2018,10,21,-32767
2018,10,22,-32767
2018,10,23,-32767
2018,10,24,-32767
2018,10,25,-32767
2018,10,26,-32767
2018,10,27,-32767
2018,10,28,-32767
2018,10,29,-32767
2018,10,30,-32767
2018,10,31,-32767
2018,11,1,-32767
2018,11,2,-32767
2018,11,3,-32767
2018,11,4,-32767
2018,11,5,3324
2018,11,6,3283
2018,11,7,3269
2018,11,8,3265
2018,11,9,3265
2018,11,10,3273
2018,11,11,3358
2018,11,12,3439
2018,11,13,3488
2018,11,14,3482
2018,11,15,3444
2018,11,16,3401
2018,11,17,3390
2018,11,18,3381
2018,11,19,3368
2018,11,20,3373
2018,11,21,3334
2018,11,22,3327
2018,11,23,3378
2018,11,24,3433
2018,11,25,3452
2018,11,26,3452
2018,11,27,3419
2018,11,28,3391
2018,11,29,3373
2018,11,30,3361
2018,12,1,3346
2018,12,2,3343
2018,12,3,3328
2018,12,4,3304
2018,12,5,3282
2018,12,6,3266
2018,12,7,3253
2018,12,8,3238
2018,12,9,3252
2018,12,10,3263
2018,12,11,3253
2018,12,12,3256
2018,12,13,3256
2018,12,14,3253
2018,12,15,3246
2018,12,16,3249
2018,12,17,3273
2018,12,18,3286
2018,12,19,3238
2018,12,20,3231
2018,12,21,3259
2018,12,22,3271
2018,12,23,3267
2018,12,24,3276
2018,12,25,3306
2018,12,26,3343
2018,12,27,3363
2018,12,28,3302
2018,12,29,3246
2018,12,30,3243
2018,12,31,3231
